       0.5    0.93847   0.242268   0.030604
         1   0.765198   0.440051   0.114903
       1.5   0.511828   0.557937   0.232088
         2   0.223891   0.576725   0.352834
       2.5 -0.0483838   0.497094   0.446059
         3  -0.260052   0.339059   0.486091
       3.5  -0.380128   0.137378   0.458629
         4   -0.39715 -0.0660433   0.364128
       4.5  -0.320543   -0.23106   0.217849
         5  -0.177597  -0.327579  0.0465651
       5.5 -0.00684387  -0.341438  -0.117315
         6   0.150645  -0.276684  -0.242873
       6.5   0.260095  -0.153841   -0.30743
         7   0.300079 -0.00468282  -0.301417
       7.5    0.26634   0.135248  -0.230273
         8   0.171651   0.234636  -0.112992
       8.5  0.0419393   0.273122  0.0223247
         9 -0.0903336   0.245312   0.144847
       9.5  -0.193929   0.161264   0.227879
        10  -0.245936  0.0434727    0.25463
      10.5  -0.236648   -0.07885   0.221629
        11   -0.17119  -0.176785   0.139048
      11.5 -0.0676539  -0.228379  0.0279359
        12  0.0476893  -0.223447 -0.0849305
      12.5   0.146884  -0.165484  -0.173361
        13   0.206926 -0.0703181  -0.217744
      13.5   0.214989  0.0380493  -0.209352
        14   0.171073   0.133375   -0.15202
      14.5  0.0875449   0.193429 -0.0608649
