1.477121254719662 -0.3387484310060916
1.568201724066995 -0.9928900977687172
1.672097857935718 -0.4774488163341649
1.770852011642144 -1.042176357169274
1.8750612633917 -1.233532524381484
1.973127853599699 -0.7506639561884099
2.075546961392531 -1.808486572855821
2.176091259055681 -1.66569398255748
2.276461804173244 -1.481347621036219
2.376576957056512 -1.457449240443011
2.477121254719663 -1.66569398255748
2.576341350205793 -2.017684418599075
2.676693609624866 -1.465666281940879
2.776701183988411 -1.146554044978174
2.876794976200701 -1.340479859123629
2.976808337338066 -1.823608454616289
3.07700432679335 -1.615530237434091
3.176958980586908 -1.91721602299344
3.276921132065774 -2.368077062146891
3.376941757146759 -2.702420550494269
3.477121254719663 -2.618461411504517
3.577031985626031 -2.753958329668067
3.677059177392161 -2.989661787727886
3.777064154742429 -3.581726886213454
3.877083256650651 -2.428386902435969
3.977083120315853 -2.151968143822951
4.077113432303761 -2.475499493038905
4.177103432436536 -2.385794999343776
4.277104727283855 -3.377598690630329
4.377105817269054 -3.53271205340743
4.477121254719663 -2.621120174320784
4.577112488264347 -2.630023259645829
4.677113986026343 -2.946043682826719
4.777114946448458 -3.29550800620704
4.877117837448931 -3.870908764415078
4.977119744913775 -2.974470563821528
5.077120705029969 -2.858831571727108
5.17712076343021 -3.09324197839354
5.277120788173334 -3.436065681117062
5.37712039739216 -3.469957242008209
5.477121254719663 -3.198834023350416
5.577120537707512 -3.855216232390482
5.67712037991646 -3.450866564541132
5.777120750836646 -3.260919455421479
5.877120719057834 -5.638573431313777
5.977121118276115 -3.882103135343743
6.077121068663082 -3.976476149855495
6.177121052274245 -3.783005421421461
6.277121247047163 -4.476193846760057
6.377121126385466 -4.159563432018195
6.477121254719663 -4.079113100826413
6.577121227652841 -4.372284854659218
6.677121201981216 -5.576179636557068
6.777121186162633 -4.281128132908933
6.877121237745406 -4.794172078872875
6.977121209833451 -4.790399195213034
7.077121250479525 -4.941975098258112
7.177121254464955 -4.859247150657734
7.277121247047163 -5.834737783025162
7.377121253959169 -5.027399688335955
7.477121254719663 -5.668287275114432
