0 0
1 2
2 5
3 8
4 5
5 7


0 0 0 0 1.5 1.87081 1.5 0 0 0
0.01 0.01505 0.0187083 0.0150005 1.51 1.87085 1.50015 7.51667e-05 9.3541e-05 7.50012e-05
0.02 0.0302 0.0374173 0.030004 1.52 1.87097 1.5006 0.000301333 0.000374168 0.00030002
0.03 0.04545 0.0561279 0.0450135 1.53 1.87116 1.50135 0.0006795 0.000841892 0.000675101
0.04 0.0608 0.0748408 0.060032 1.54 1.87143 1.5024 0.00121067 0.00149673 0.00120032
0.05 0.07625 0.0935568 0.0750625 1.55 1.87178 1.50375 0.00189583 0.00233872 0.00187578
0.06 0.0918 0.112277 0.090108 1.56 1.87221 1.5054 0.002736 0.00336788 0.00270162
0.07 0.10745 0.131001 0.105172 1.57 1.87271 1.50735 0.00373217 0.00458427 0.003678
0.08 0.1232 0.149731 0.120256 1.58 1.87329 1.5096 0.00488533 0.00598793 0.00480512
0.09 0.13905 0.168467 0.135364 1.59 1.87395 1.51215 0.0061965 0.00757891 0.0060832
0.1 0.155 0.187211 0.1505 1.6 1.87469 1.515 0.00766667 0.0093573 0.0075125
0.11 0.17105 0.205961 0.165665 1.61 1.8755 1.51815 0.00929683 0.0113231 0.0090933
0.12 0.1872 0.224721 0.180864 1.62 1.87639 1.5216 0.011088 0.0134766 0.0108259
0.13 0.20345 0.24349 0.196098 1.63 1.87736 1.52535 0.0130412 0.0158176 0.0127107
0.14 0.2198 0.262268 0.211372 1.64 1.87841 1.5294 0.0151573 0.0183464 0.014748
0.15 0.23625 0.281058 0.226687 1.65 1.87953 1.53375 0.0174375 0.021063 0.0169383
0.16 0.2528 0.299859 0.242048 1.66 1.88073 1.5384 0.0198827 0.0239676 0.0192819
0.17 0.26945 0.318673 0.257457 1.67 1.88201 1.54335 0.0224938 0.0270602 0.0217794
0.18 0.2862 0.3375 0.272916 1.68 1.88337 1.5486 0.025272 0.0303411 0.0244312
0.19 0.30305 0.356341 0.28843 1.69 1.8848 1.55415 0.0282182 0.0338103 0.0272379
0.2 0.32 0.375196 0.304 1.7 1.88632 1.56 0.0313333 0.0374679 0.0302
0.21 0.33705 0.394067 0.319631 1.71 1.8879 1.56615 0.0346185 0.0413142 0.0333181
0.22 0.3542 0.412955 0.335324 1.72 1.88957 1.5726 0.0380747 0.0453493 0.0365928
0.23 0.37145 0.431859 0.351084 1.73 1.89132 1.57935 0.0417028 0.0495734 0.0400248
0.24 0.3888 0.450781 0.366912 1.74 1.89314 1.5864 0.045504 0.0539866 0.0436147
0.25 0.40625 0.469722 0.382813 1.75 1.89504 1.59375 0.0494792 0.0585891 0.0473633
0.26 0.4238 0.488682 0.398788 1.76 1.89701 1.6014 0.0536293 0.0633811 0.0512712
0.27 0.44145 0.507662 0.414842 1.77 1.89907 1.60935 0.0579555 0.0683628 0.0553393
0.28 0.4592 0.526664 0.430976 1.78 1.9012 1.6176 0.0624587 0.0735344 0.0595683
0.29 0.47705 0.545687 0.447195 1.79 1.90341 1.62615 0.0671398 0.0788961 0.0639591
0.3 0.495 0.564732 0.4635 1.8 1.90569 1.635 0.072 0.0844482 0.0685125
0.31 0.51305 0.583801 0.479896 1.81 1.90806 1.64415 0.0770402 0.0901909 0.0732294
0.32 0.5312 0.602893 0.496384 1.82 1.9105 1.6536 0.0822613 0.0961243 0.0781107
0.33 0.54945 0.622011 0.512969 1.83 1.91302 1.66335 0.0876645 0.102249 0.0831574
0.34 0.5678 0.641154 0.529652 1.84 1.91562 1.6734 0.0932507 0.108565 0.0883704
0.35 0.58625 0.660324 0.546438 1.85 1.91829 1.68375 0.0990208 0.115072 0.0937508
0.36 0.6048 0.67952 0.563328 1.86 1.92104 1.6944 0.104976 0.121771 0.0992995
0.37 0.62345 0.698745 0.580327 1.87 1.92387 1.70535 0.111117 0.128662 0.105018
0.38 0.6422 0.717998 0.597436 1.88 1.92678 1.7166 0.117445 0.135746 0.110906
0.39 0.66105 0.73728 0.61466 1.89 1.92976 1.72815 0.123962 0.143023 0.116967
0.4 0.68 0.756593 0.632 1.9 1.93282 1.74 0.130667 0.150492 0.1232
0.41 0.69905 0.775937 0.649461 1.91 1.93596 1.75215 0.137562 0.158154 0.129607
0.42 0.7182 0.795313 0.667044 1.92 1.93918 1.7646 0.144648 0.166011 0.13619
0.43 0.73745 0.814721 0.684754 1.93 1.94247 1.77735 0.151926 0.174061 0.142949
0.44 0.7568 0.834163 0.702592 1.94 1.94584 1.7904 0.159397 0.182305 0.149885
0.45 0.77625 0.853638 0.720563 1.95 1.94929 1.80375 0.167063 0.190744 0.157001
0.46 0.7958 0.873149 0.738668 1.96 1.95282 1.8174 0.174923 0.199378 0.164297
0.47 0.81545 0.892695 0.756912 1.97 1.95643 1.83135 0.182979 0.208207 0.171775
0.48 0.8352 0.912277 0.775296 1.98 1.96011 1.8456 0.191232 0.217232 0.179436
0.49 0.85505 0.931897 0.793825 1.99 1.96387 1.86015 0.199683 0.226453 0.187281
0.5 0.875 0.951555 0.8125 2 1.9677 1.875 0.208333 0.23587 0.195313
0.51 0.89505 0.971252 0.831326 2.01 1.97162 1.89015 0.217184 0.245484 0.203532
0.52 0.9152 0.990988 0.850304 2.02 1.97561 1.9056 0.226235 0.255295 0.21194
0.53 0.93545 1.01076 0.869439 2.03 1.97968 1.92135 0.235488 0.265304 0.220538
0.54 0.9558 1.03058 0.888732 2.04 1.98383 1.9374 0.244944 0.275511 0.229329
0.55 0.97625 1.05044 0.908188 2.05 1.98805 1.95375 0.254604 0.285916 0.238313
0.56 0.9968 1.07034 0.927808 2.06 1.99235 1.9704 0.264469 0.29652 0.247493
0.57 1.01745 1.09029 0.947597 2.07 1.99673 1.98735 0.274541 0.307323 0.25687
0.58 1.0382 1.11028 0.967556 2.08 2.00119 2.0046 0.284819 0.318326 0.266446
0.59 1.05905 1.13031 0.98769 2.09 2.00572 2.02215 0.295305 0.329529 0.276222
0.6 1.08 1.15039 1.008 2.1 2.01033 2.04 0.306 0.340932 0.2862
0.61 1.10105 1.17052 1.02849 2.11 2.01502 2.05815 0.316905 0.352537 0.296382
0.62 1.1222 1.19069 1.04916 2.12 2.01979 2.0766 0.328021 0.364343 0.30677
0.63 1.14345 1.21092 1.07002 2.13 2.02464 2.09535 0.33935 0.376351 0.317366
0.64 1.1648 1.23119 1.09107 2.14 2.02956 2.1144 0.350891 0.388561 0.328172
0.65 1.18625 1.25151 1.11231 2.15 2.03456 2.13375 0.362646 0.400974 0.339188
0.66 1.2078 1.27188 1.13375 2.16 2.03963 2.1534 0.374616 0.413591 0.350418
0.67 1.22945 1.2923 1.15538 2.17 2.04479 2.17335 0.386802 0.426412 0.361864
0.68 1.2512 1.31277 1.17722 2.18 2.05002 2.1936 0.399205 0.439438 0.373527
0.69 1.27305 1.3333 1.19925 2.19 2.05533 2.21415 0.411827 0.452668 0.385409
0.7 1.295 1.35388 1.2215 2.2 2.06072 2.235 0.424667 0.466104 0.397513
0.71 1.31705 1.37451 1.24396 2.21 2.06618 2.25615 0.437727 0.479746 0.40984
0.72 1.3392 1.3952 1.26662 2.22 2.07172 2.2776 0.451008 0.493594 0.422392
0.73 1.36145 1.41595 1.28951 2.23 2.07734 2.29935 0.464511 0.50765 0.435173
0.74 1.3838 1.43675 1.31261 2.24 2.08304 2.3214 0.478237 0.521913 0.448183
0.75 1.40625 1.45761 1.33594 2.25 2.08882 2.34375 0.492188 0.536385 0.461426
0.76 1.4288 1.47853 1.35949 2.26 2.09467 2.3664 0.506363 0.551066 0.474903
0.77 1.45145 1.4995 1.38327 2.27 2.1006 2.38935 0.520764 0.565956 0.488616
0.78 1.4742 1.52054 1.40728 2.28 2.1066 2.4126 0.535392 0.581056 0.502569
0.79 1.49705 1.54164 1.43152 2.29 2.11269 2.43615 0.550248 0.596367 0.516763
0.8 1.52 1.56279 1.456 2.3 2.11885 2.46 0.565333 0.611889 0.5312
0.81 1.54305 1.58401 1.48072 2.31 2.12509 2.48415 0.580649 0.627623 0.545883
0.82 1.5662 1.6053 1.50568 2.32 2.13141 2.5086 0.596195 0.643569 0.560815
0.83 1.58945 1.62664 1.53089 2.33 2.1378 2.53335 0.611973 0.659729 0.575998
0.84 1.6128 1.64805 1.55635 2.34 2.14428 2.5584 0.627984 0.676103 0.591434
0.85 1.63625 1.66953 1.58206 2.35 2.15083 2.58375 0.644229 0.69269 0.607126
0.86 1.6598 1.69107 1.60803 2.36 2.15745 2.6094 0.660709 0.709493 0.623076
0.87 1.68345 1.71268 1.63425 2.37 2.16416 2.63535 0.677426 0.726512 0.639287
0.88 1.7072 1.73435 1.66074 2.38 2.17094 2.6616 0.694379 0.743747 0.655762
0.89 1.73105 1.7561 1.68748 2.39 2.1778 2.68815 0.71157 0.761199 0.672503
0.9 1.755 1.77791 1.7145 2.4 2.18474 2.715 0.729 0.778869 0.689513
0.91 1.77905 1.79979 1.74179 2.41 2.19175 2.74215 0.74667 0.796758 0.706794
0.92 1.8032 1.82174 1.76934 2.42 2.19884 2.7696 0.764581 0.814865 0.724349
0.93 1.82745 1.84377 1.79718 2.43 2.20601 2.79735 0.782735 0.833193 0.742182
0.94 1.8518 1.86586 1.82529 2.44 2.21326 2.8254 0.801131 0.851741 0.760294
0.95 1.87625 1.88803 1.85369 2.45 2.22059 2.85375 0.819771 0.87051 0.778688
0.96 1.9008 1.91028 1.88237 2.46 2.22799 2.8824 0.838656 0.889502 0.797368
0.97 1.92545 1.93259 1.91134 2.47 2.23547 2.91135 0.857787 0.908716 0.816337
0.98 1.9502 1.95499 1.9406 2.48 2.24303 2.9406 0.877165 0.928154 0.835596
0.99 1.97505 1.97745 1.97015 2.49 2.25066 2.97015 0.896792 0.947816 0.85515
1 2 2 2 2.5 2.25837 3 0.916667 0.967703 0.875
1.01 2.0251 2.02262 2.03 2.51985 2.26623 3 0.936792 0.987816 0.89515
1.02 2.0504 2.04533 2.06 2.5394 2.2743 3 0.957169 1.00816 0.9156
1.03 2.07589 2.06811 2.09 2.55865 2.28258 3 0.977801 1.02872 0.93635
1.04 2.10157 2.09098 2.12 2.5776 2.29108 3 0.998688 1.04952 0.9574
1.05 2.12744 2.11393 2.15 2.59625 2.29978 3 1.01983 1.07054 0.97875
1.06 2.15349 2.13697 2.18 2.6146 2.3087 3 1.04124 1.0918 1.0004
1.07 2.17973 2.16011 2.21 2.63265 2.31784 3 1.0629 1.11328 1.02235
1.08 2.20614 2.18333 2.24 2.6504 2.32718 3 1.08483 1.135 1.0446
1.09 2.23274 2.20665 2.27 2.66785 2.33674 3 1.10703 1.15695 1.06715
1.1 2.2595 2.23007 2.3 2.685 2.34651 3 1.12949 1.17913 1.09
1.11 2.28643 2.25358 2.33 2.70185 2.35649 3 1.15222 1.20155 1.11315
1.12 2.31354 2.2772 2.36 2.7184 2.36668 3 1.17522 1.22421 1.1366
1.13 2.3408 2.30092 2.39 2.73465 2.37709 3 1.19849 1.2471 1.16035
1.14 2.36823 2.32474 2.42 2.7506 2.38771 3 1.22203 1.27022 1.1844
1.15 2.39581 2.34867 2.45 2.76625 2.39854 3 1.24585 1.29359 1.20875
1.16 2.42355 2.37271 2.48 2.7816 2.40958 3 1.26995 1.3172 1.2334
1.17 2.45144 2.39686 2.51 2.79665 2.42084 3 1.29432 1.34105 1.25835
1.18 2.47948 2.42113 2.54 2.8114 2.43231 3 1.31898 1.36514 1.2836
1.19 2.50767 2.44551 2.57 2.82585 2.44399 3 1.34392 1.38947 1.30915
1.2 2.536 2.47001 2.6 2.84 2.45589 3 1.36913 1.41405 1.335
1.21 2.56447 2.49463 2.63 2.85385 2.46799 3 1.39464 1.43887 1.36115
1.22 2.59308 2.51937 2.66 2.8674 2.48031 3 1.42042 1.46394 1.3876
1.23 2.62182 2.54424 2.69 2.88065 2.49284 3 1.4465 1.48926 1.41435
1.24 2.65069 2.56923 2.72 2.8936 2.50558 3 1.47286 1.51482 1.4414
1.25 2.67969 2.59435 2.75 2.90625 2.51854 3 1.49951 1.54064 1.46875
1.26 2.70881 2.6196 2.78 2.9186 2.53171 3 1.52645 1.56671 1.4964
1.27 2.73806 2.64498 2.81 2.93065 2.54509 3 1.55369 1.59303 1.52435
1.28 2.76742 2.6705 2.84 2.9424 2.55868 3 1.58122 1.61961 1.5526
1.29 2.79691 2.69616 2.87 2.95385 2.57249 3 1.60904 1.64644 1.58115
1.3 2.8265 2.72195 2.9 2.965 2.58651 3 1.63715 1.67354 1.61
1.31 2.8562 2.74789 2.93 2.97585 2.60074 3 1.66557 1.70088 1.63915
1.32 2.88602 2.77397 2.96 2.9864 2.61518 3 1.69428 1.72849 1.6686
1.33 2.91593 2.80019 2.99 2.99665 2.62984 3 1.72329 1.75636 1.69835
1.34 2.94595 2.82657 3.02 3.0066 2.6447 3 1.7526 1.7845 1.7284
1.35 2.97606 2.85309 3.05 3.01625 2.65978 3 1.78221 1.8129 1.75875
1.36 3.00627 2.87976 3.08 3.0256 2.67508 3 1.81212 1.84156 1.7894
1.37 3.03657 2.90659 3.11 3.03465 2.69058 3 1.84233 1.87049 1.82035
1.38 3.06696 2.93357 3.14 3.0434 2.7063 3 1.87285 1.89969 1.8516
1.39 3.09744 2.96072 3.17 3.05185 2.72223 3 1.90367 1.92916 1.88315
1.4 3.128 2.98802 3.2 3.06 2.73837 3 1.9348 1.95891 1.915
1.41 3.15864 3.01548 3.23 3.06785 2.75473 3 1.96623 1.98892 1.94715
1.42 3.18936 3.04311 3.26 3.0754 2.7713 3 1.99797 2.01922 1.9796
1.43 3.22015 3.07091 3.29 3.08265 2.78808 3 2.03002 2.04979 2.01235
1.44 3.25101 3.09888 3.32 3.0896 2.80507 3 2.06238 2.08064 2.0454
1.45 3.28194 3.12701 3.35 3.09625 2.82227 3 2.09504 2.11177 2.07875
1.46 3.31293 3.15532 3.38 3.1026 2.83969 3 2.12802 2.14318 2.1124
1.47 3.34399 3.18381 3.41 3.10865 2.85732 3 2.1613 2.17487 2.14635
1.48 3.3751 3.21247 3.44 3.1144 2.87516 3 2.1949 2.20685 2.1806
1.49 3.40628 3.24131 3.47 3.11985 2.89322 3 2.2288 2.23912 2.21515
1.5 3.4375 3.27033 3.5 3.125 2.91148 3 2.26302 2.27168 2.25
1.51 3.46877 3.29954 3.53 3.12985 2.92996 3 2.29755 2.30453 2.28515
1.52 3.5001 3.32893 3.56 3.1344 2.94865 3 2.3324 2.33767 2.3206
1.53 3.53146 3.35852 3.59 3.13865 2.96756 3 2.36755 2.37111 2.35635
1.54 3.56287 3.38829 3.62 3.1426 2.98668 3 2.40303 2.40484 2.3924
1.55 3.59431 3.41825 3.65 3.14625 3.006 3 2.43881 2.43888 2.42875
1.56 3.62579 3.44841 3.68 3.1496 3.02555 3 2.47491 2.47321 2.4654
1.57 3.6573 3.47876 3.71 3.15265 3.0453 3 2.51133 2.50784 2.50235
1.58 3.68884 3.50931 3.74 3.1554 3.06527 3 2.54806 2.54278 2.5396
1.59 3.72041 3.54007 3.77 3.15785 3.08545 3 2.5851 2.57803 2.57715
1.6 3.752 3.57102 3.8 3.16 3.10584 3 2.62247 2.61359 2.615
1.61 3.78361 3.60219 3.83 3.16185 3.12644 3 2.66014 2.64945 2.65315
1.62 3.81524 3.63355 3.86 3.1634 3.14726 3 2.69814 2.68563 2.6916
1.63 3.84688 3.66513 3.89 3.16465 3.16829 3 2.73645 2.72212 2.73035
1.64 3.87853 3.69692 3.92 3.1656 3.18953 3 2.77508 2.75893 2.7694
1.65 3.91019 3.72892 3.95 3.16625 3.21098 3 2.81402 2.79606 2.80875
1.66 3.94185 3.76114 3.98 3.1666 3.23265 3 2.85328 2.83351 2.8484
1.67 3.97352 3.79358 4.01 3.16665 3.25453 3 2.89286 2.87129 2.88835
1.68 4.00518 3.82623 4.04 3.1664 3.27662 3 2.93275 2.90939 2.9286
1.69 4.03685 3.85911 4.07 3.16585 3.29892 3 2.97296 2.94781 2.96915
1.7 4.0685 3.89221 4.1 3.165 3.32144 3 3.01349 2.98657 3.01
1.71 4.10014 3.92554 4.13 3.16385 3.34416 3 3.05433 3.02566 3.05115
1.72 4.13178 3.95909 4.16 3.1624 3.3671 3 3.09549 3.06508 3.0926
1.73 4.16339 3.99288 4.19 3.16065 3.39026 3 3.13697 3.10484 3.13435
1.74 4.19499 4.0269 4.22 3.1586 3.41362 3 3.17876 3.14494 3.1764
1.75 4.22656 4.06115 4.25 3.15625 3.4372 3 3.22087 3.18538 3.21875
1.76 4.25811 4.09565 4.28 3.1536 3.46099 3 3.26329 3.22616 3.2614
1.77 4.28963 4.13037 4.31 3.15065 3.48499 3 3.30603 3.26729 3.30435
1.78 4.32112 4.16535 4.34 3.1474 3.50921 3 3.34908 3.30877 3.3476
1.79 4.35258 4.20056 4.37 3.14385 3.53364 3 3.39245 3.3506 3.39115
1.8 4.384 4.23602 4.4 3.14 3.55828 3 3.43613 3.39278 3.435
1.81 4.41538 4.27173 4.43 3.13585 3.58313 3 3.48013 3.43532 3.47915
1.82 4.44672 4.30768 4.46 3.1314 3.6082 3 3.52444 3.47822 3.5236
1.83 4.47801 4.34389 4.49 3.12665 3.63347 3 3.56906 3.52148 3.56835
1.84 4.50925 4.38035 4.52 3.1216 3.65896 3 3.614 3.5651 3.6134
1.85 4.54044 4.41707 4.55 3.11625 3.68467 3 3.65925 3.60908 3.65875
1.86 4.57157 4.45405 4.58 3.1106 3.71058 3 3.70481 3.65344 3.7044
1.87 4.60265 4.49128 4.61 3.10465 3.73671 3 3.75068 3.69817 3.75035
1.88 4.63366 4.52878 4.64 3.0984 3.76305 3 3.79686 3.74327 3.7966
1.89 4.66462 4.56654 4.67 3.09185 3.7896 3 3.84335 3.78874 3.84315
1.9 4.6955 4.60457 4.7 3.085 3.81636 3 3.89015 3.8346 3.89
1.91 4.72631 4.64287 4.73 3.07785 3.84334 3 3.93726 3.88083 3.93715
1.92 4.75706 4.68144 4.76 3.0704 3.87053 3 3.98468 3.92746 3.9846
1.93 4.78772 4.72028 4.79 3.06265 3.89793 3 4.0324 3.97446 4.03235
1.94 4.81831 4.7594 4.82 3.0546 3.92555 3 4.08043 4.02186 4.0804
1.95 4.84881 4.7988 4.85 3.04625 3.95337 3 4.12877 4.06965 4.12875
1.96 4.87923 4.83847 4.88 3.0376 3.98141 3 4.17741 4.11784 4.1774
1.97 4.90956 4.87842 4.91 3.02865 4.00966 3 4.22635 4.16642 4.22635
1.98 4.9398 4.91866 4.94 3.0194 4.03813 3 4.2756 4.21541 4.2756
1.99 4.96995 4.95919 4.97 3.00985 4.0668 3 4.32515 4.2648 4.32515
2 5 5 5 3 4.09569 3 4.375 4.31459 4.375
2.01 5.0303 5.0411 5.03 3.0591 4.12393 3 4.42515 4.3648 4.42515
2.02 5.06118 5.08247 5.06 3.1164 4.15063 3 4.47561 4.41542 4.4756
2.03 5.09262 5.12411 5.09 3.1719 4.17581 3 4.52638 4.46645 4.52635
2.04 5.12461 5.16598 5.12 3.2256 4.19946 3 4.57746 4.5179 4.5774
2.05 5.15713 5.20809 5.15 3.2775 4.22158 3 4.62887 4.56977 4.62875
2.06 5.19015 5.25041 5.18 3.3276 4.24217 3 4.68061 4.62206 4.6804
2.07 5.22367 5.29293 5.21 3.3759 4.26124 3 4.73267 4.67478 4.73235
2.08 5.25766 5.33563 5.24 3.4224 4.27878 3 4.78508 4.72792 4.7846
2.09 5.29211 5.3785 5.27 3.4671 4.2948 3 4.83783 4.78149 4.83715
2.1 5.327 5.42152 5.3 3.51 4.30928 3 4.89092 4.83549 4.89
2.11 5.36231 5.46468 5.33 3.5511 4.32224 3 4.94437 4.88992 4.94315
2.12 5.39802 5.50796 5.36 3.5904 4.33367 3 4.99817 4.94479 4.9966
2.13 5.43411 5.55135 5.39 3.6279 4.34358 3 5.05233 5.00008 5.05035
2.14 5.47057 5.59483 5.42 3.6636 4.35195 3 5.10686 5.05581 5.1044
2.15 5.50737 5.63838 5.45 3.6975 4.3588 3 5.16175 5.11198 5.15875
2.16 5.54451 5.682 5.48 3.7296 4.36413 3 5.217 5.16858 5.2134
2.17 5.58196 5.72566 5.51 3.7599 4.36792 3 5.27264 5.22562 5.26835
2.18 5.6197 5.76935 5.54 3.7884 4.37019 3 5.32864 5.28309 5.3236
2.19 5.65772 5.81306 5.57 3.8151 4.37093 3 5.38503 5.34101 5.37915
2.2 5.696 5.85677 5.6 3.84 4.37014 3 5.4418 5.39936 5.435
2.21 5.73452 5.90046 5.63 3.8631 4.36783 3 5.49895 5.45814 5.49115
2.22 5.77326 5.94412 5.66 3.8844 4.36399 3 5.55649 5.51736 5.5476
2.23 5.8122 5.98773 5.69 3.9039 4.35862 3 5.61442 5.57702 5.60435
2.24 5.85133 6.03128 5.72 3.9216 4.35172 3 5.67274 5.63712 5.6614
2.25 5.89062 6.07476 5.75 3.9375 4.3433 3 5.73145 5.69765 5.71875
2.26 5.93007 6.11815 5.78 3.9516 4.33335 3 5.79055 5.75861 5.7764
2.27 5.96965 6.16142 5.81 3.9639 4.32187 3 5.85005 5.82001 5.83435
2.28 6.00934 6.20458 5.84 3.9744 4.30887 3 5.90994 5.88184 5.8926
2.29 6.04913 6.24759 5.87 3.9831 4.29434 3 5.97023 5.9441 5.95115
2.3 6.089 6.29046 5.9 3.99 4.27828 3 6.03092 6.00679 6.01
2.31 6.12893 6.33316 5.93 3.9951 4.26069 3 6.09201 6.06991 6.06915
2.32 6.1689 6.37567 5.96 3.9984 4.24158 3 6.1535 6.13346 6.1286
2.33 6.20889 6.41798 5.99 3.9999 4.22094 3 6.21539 6.19742 6.18835
2.34 6.24889 6.46008 6.02 3.9996 4.19877 3 6.27768 6.26181 6.2484
2.35 6.28887 6.50195 6.05 3.9975 4.17507 3 6.34037 6.32662 6.30875
2.36 6.32883 6.54358 6.08 3.9936 4.14985 3 6.40346 6.39185 6.3694
2.37 6.36874 6.58494 6.11 3.9879 4.1231 3 6.46695 6.4575 6.43035
2.38 6.40858 6.62603 6.14 3.9804 4.09482 3 6.53083 6.52355 6.4916
2.39 6.44834 6.66684 6.17 3.9711 4.06502 3 6.59512 6.59002 6.55315
2.4 6.488 6.70733 6.2 3.96 4.03368 3 6.6598 6.65689 6.615
2.41 6.52754 6.7475 6.23 3.9471 4.00082 3 6.72488 6.72416 6.67715
2.42 6.56694 6.78734 6.26 3.9324 3.96644 3 6.79035 6.79184 6.7396
2.43 6.60618 6.82683 6.29 3.9159 3.93052 3 6.85622 6.85991 6.80235
2.44 6.64525 6.86595 6.32 3.8976 3.89308 3 6.92247 6.92837 6.8654
2.45 6.68412 6.90468 6.35 3.8775 3.85411 3 6.98912 6.99722 6.92875
2.46 6.72279 6.94302 6.38 3.8556 3.81362 3 7.05616 7.06646 6.9924
2.47 6.76123 6.98095 6.41 3.8319 3.7716 3 7.12358 7.13608 7.05635
2.48 6.79942 7.01845 6.44 3.8064 3.72805 3 7.19138 7.20608 7.1206
2.49 6.83735 7.05551 6.47 3.7791 3.68297 3 7.25956 7.27645 7.18515
2.5 6.875 7.09211 6.5 3.75 3.63636 3 7.32812 7.34719 7.25
2.51 6.91235 7.12823 6.53 3.7191 3.58823 3 7.39706 7.41829 7.31515
2.52 6.94938 7.16386 6.56 3.6864 3.53857 3 7.46637 7.48975 7.3806
2.53 6.98607 7.199 6.59 3.6519 3.48739 3 7.53605 7.56157 7.44635
2.54 7.02241 7.23361 6.62 3.6156 3.43467 3 7.60609 7.63373 7.5124
2.55 7.05837 7.26768 6.65 3.5775 3.38043 3 7.6765 7.70624 7.57875
2.56 7.09395 7.30121 6.68 3.5376 3.32466 3 7.74726 7.77908 7.6454
2.57 7.12912 7.33417 6.71 3.4959 3.26737 3 7.81837 7.85226 7.71235
2.58 7.16386 7.36655 6.74 3.4524 3.20854 3 7.88984 7.92576 7.7796
2.59 7.19816 7.39834 6.77 3.4071 3.14819 3 7.96165 7.99959 7.84715
2.6 7.232 7.42951 6.8 3.36 3.08632 3 8.0338 8.07373 7.915
2.61 7.26536 7.46006 6.83 3.3111 3.02291 3 8.10629 8.14818 7.98315
2.62 7.29822 7.48997 6.86 3.2604 2.95798 3 8.17911 8.22293 8.0516
2.63 7.33056 7.51921 6.89 3.2079 2.89152 3 8.25225 8.29797 8.12035
2.64 7.36237 7.54779 6.92 3.1536 2.82353 3 8.32571 8.37331 8.1894
2.65 7.39362 7.57568 6.95 3.0975 2.75402 3 8.3995 8.44893 8.25875
2.66 7.42431 7.60287 6.98 3.0396 2.68298 3 8.47359 8.52482 8.3284
2.67 7.45441 7.62933 7.01 2.9799 2.61041 3 8.54798 8.60098 8.39835
2.68 7.4839 7.65507 7.04 2.9184 2.53631 3 8.62267 8.6774 8.4686
2.69 7.51277 7.68006 7.07 2.8551 2.46069 3 8.69766 8.75408 8.53915
2.7 7.541 7.70428 7.1 2.79 2.38354 3 8.77292 8.831 8.61
2.71 7.56857 7.72772 7.13 2.7231 2.30486 3 8.84847 8.90816 8.68115
2.72 7.59546 7.75037 7.16 2.6544 2.22466 3 8.92429 8.98556 8.7526
2.73 7.62165 7.77221 7.19 2.5839 2.14293 3 9.00038 9.06317 8.82435
2.74 7.64713 7.79322 7.22 2.5116 2.05967 3 9.07672 9.141 8.8964
2.75 7.67187 7.8134 7.25 2.4375 1.97488 3 9.15332 9.21903 8.96875
2.76 7.69587 7.83272 7.28 2.3616 1.88857 3 9.23016 9.29726 9.0414
2.77 7.7191 7.85116 7.31 2.2839 1.80073 3 9.30724 9.37568 9.11435
2.78 7.74154 7.86873 7.34 2.2044 1.71136 3 9.38454 9.45428 9.1876
2.79 7.76318 7.88539 7.37 2.1231 1.62046 3 9.46206 9.53305 9.26115
2.8 7.784 7.90113 7.4 2.04 1.52804 3 9.5398 9.61199 9.335
2.81 7.80398 7.91594 7.43 1.9551 1.43409 3 9.61774 9.69107 9.40915
2.82 7.8231 7.92981 7.46 1.8684 1.33861 3 9.69588 9.7703 9.4836
2.83 7.84134 7.94271 7.49 1.7799 1.24161 3 9.7742 9.84967 9.55835
2.84 7.85869 7.95463 7.52 1.6896 1.14307 3 9.8527 9.92915 9.6334
2.85 7.87512 7.96556 7.55 1.5975 1.04301 3 9.93137 10.0088 9.70875
2.86 7.89063 7.97549 7.58 1.5036 0.941428 3 10.0102 10.0885 9.7844
2.87 7.90519 7.98439 7.61 1.4079 0.838314 3 10.0892 10.1683 9.86035
2.88 7.91878 7.99225 7.64 1.3104 0.733673 3 10.1683 10.2481 9.9366
2.89 7.93139 7.99906 7.67 1.2111 0.627504 3 10.2476 10.3281 10.0131
2.9 7.943 8.00479 7.7 1.11 0.519809 3 10.3269 10.4081 10.09
2.91 7.95359 8.00945 7.73 1.0071 0.410586 3 10.4064 10.4882 10.1671
2.92 7.96314 8.013 7.76 0.9024 0.299835 3 10.486 10.5683 10.2446
2.93 7.97163 8.01544 7.79 0.7959 0.187558 3 10.5657 10.6485 10.3223
2.94 7.97905 8.01675 7.82 0.6876 0.0737531 3 10.6454 10.7286 10.4004
2.95 7.98537 8.01691 7.85 0.5775 -0.0415789 3 10.7252 10.8088 10.4787
2.96 7.99059 8.01591 7.88 0.4656 -0.158438 3 10.8051 10.8889 10.5574
2.97 7.99468 8.01374 7.91 0.3519 -0.276825 3 10.8851 10.9691 10.6363
2.98 7.99762 8.01037 7.94 0.2364 -0.396739 3 10.965 11.0492 10.7156
2.99 7.9994 8.0058 7.97 0.1191 -0.51818 3 11.045 11.1293 10.7951
3 8 8 8 2.38032e-13 -0.641148 3 11.125 11.2093 10.875
3.01 7.99916 7.99297 8.02854 -0.16835 -0.763732 2.70807 11.205 11.2893 10.9551
3.02 7.99664 7.98473 8.05418 -0.3334 -0.884019 2.42138 11.285 11.3692 11.0356
3.03 7.9925 7.9753 8.07698 -0.49515 -1.00201 2.13993 11.3649 11.449 11.1162
3.04 7.98675 7.9647 8.09699 -0.6536 -1.1177 1.86371 11.4448 11.5287 11.1971
3.05 7.97944 7.95295 8.11427 -0.80875 -1.2311 1.59273 11.5247 11.6083 11.2781
3.06 7.97059 7.94009 8.12887 -0.9606 -1.3422 1.32698 11.6044 11.6877 11.3594
3.07 7.96024 7.92612 8.14083 -1.10915 -1.451 1.06647 11.6841 11.7671 11.4407
3.08 7.94842 7.91107 8.15021 -1.2544 -1.55751 0.8112 11.7636 11.8463 11.5222
3.09 7.93516 7.89498 8.15707 -1.39635 -1.66172 0.561164 11.843 11.9253 11.6037
3.1 7.9205 7.87785 8.16145 -1.535 -1.76364 0.316364 11.9223 12.0042 11.6853
3.11 7.90447 7.85971 8.16342 -1.67035 -1.86325 0.0768 12.0014 12.0828 11.7669
3.12 7.8871 7.84059 8.16301 -1.8024 -1.96057 -0.157527 12.0804 12.1613 11.8486
3.13 7.86843 7.82051 8.16028 -1.93115 -2.0556 -0.386618 12.1592 12.2397 11.9302
3.14 7.84849 7.79949 8.15529 -2.0566 -2.14833 -0.610473 12.2378 12.3178 12.0118
3.15 7.82731 7.77755 8.14809 -2.17875 -2.23876 -0.829091 12.3161 12.3956 12.0933
3.16 7.80493 7.75472 8.13873 -2.2976 -2.32689 -1.04247 12.3943 12.4733 12.1747
3.17 7.78137 7.73102 8.12726 -2.41315 -2.41273 -1.25062 12.4722 12.5507 12.2561
3.18 7.75668 7.70647 8.11373 -2.5254 -2.49627 -1.45353 12.5499 12.6279 12.3373
3.19 7.73087 7.6811 8.09821 -2.63435 -2.57751 -1.6512 12.6274 12.7049 12.4183
3.2 7.704 7.65493 8.08073 -2.74 -2.65646 -1.84364 12.7045 12.7815 12.4992
3.21 7.67609 7.62798 8.06135 -2.84235 -2.73311 -2.03084 12.7814 12.858 12.5799
3.22 7.64716 7.60027 8.04013 -2.9414 -2.80746 -2.2128 12.8581 12.9341 12.6604
3.23 7.61727 7.57184 8.01711 -3.03715 -2.87952 -2.38953 12.9344 13.01 12.7407
3.24 7.58643 7.54269 7.99235 -3.1296 -2.94928 -2.56102 13.0104 13.0855 12.8208
3.25 7.55469 7.51286 7.96591 -3.21875 -3.01675 -2.72727 13.0861 13.1608 12.9006
3.26 7.52207 7.48236 7.93783 -3.3046 -3.08191 -2.88829 13.1615 13.2358 12.9801
3.27 7.48861 7.45123 7.90816 -3.38715 -3.14478 -3.04407 13.2365 13.3105 13.0593
3.28 7.45434 7.41948 7.87696 -3.4664 -3.20536 -3.19462 13.3113 13.3848 13.1382
3.29 7.41929 7.38713 7.84429 -3.54235 -3.26364 -3.33993 13.3856 13.4588 13.2169
3.3 7.3835 7.35421 7.81018 -3.615 -3.31962 -3.48 13.4596 13.5326 13.2951
3.31 7.347 7.32074 7.7747 -3.68435 -3.3733 -3.61484 13.5333 13.6059 13.3731
3.32 7.30982 7.28675 7.7379 -3.7504 -3.42469 -3.74444 13.6066 13.679 13.4506
3.33 7.272 7.25226 7.69983 -3.81315 -3.47378 -3.8688 13.6795 13.7517 13.5278
3.34 7.23357 7.21728 7.66054 -3.8726 -3.52057 -3.98793 13.752 13.824 13.6046
3.35 7.19456 7.18185 7.62009 -3.92875 -3.56507 -4.10182 13.8242 13.896 13.681
3.36 7.15501 7.14599 7.57853 -3.9816 -3.60727 -4.21047 13.8959 13.9676 13.757
3.37 7.11494 7.10972 7.5359 -4.03115 -3.64718 -4.31389 13.9673 14.0389 13.8326
3.38 7.0744 7.07305 7.49226 -4.0774 -3.68478 -4.41207 14.0382 14.1098 13.9077
3.39 7.0334 7.03603 7.44767 -4.12035 -3.7201 -4.50502 14.1087 14.1804 13.9824
3.4 6.992 6.99866 7.40218 -4.16 -3.75311 -4.59273 14.1789 14.2506 14.0567
3.41 6.95022 6.96097 7.35584 -4.19635 -3.78383 -4.6752 14.2486 14.3204 14.1305
3.42 6.90808 6.92299 7.3087 -4.2294 -3.81225 -4.75244 14.3179 14.3898 14.2038
3.43 6.86564 6.88474 7.26081 -4.25915 -3.83837 -4.82444 14.3867 14.4588 14.2766
3.44 6.82291 6.84623 7.21222 -4.2856 -3.8622 -4.8912 14.4552 14.5275 14.349
3.45 6.77994 6.8075 7.163 -4.30875 -3.88373 -4.95273 14.5232 14.5957 14.4209
3.46 6.73675 6.76856 7.11319 -4.3286 -3.90297 -5.00902 14.5908 14.6636 14.4923
3.47 6.69338 6.72945 7.06284 -4.34515 -3.9199 -5.06007 14.6579 14.7311 14.5631
3.48 6.64986 6.69017 7.012 -4.3584 -3.93455 -5.10589 14.7246 14.7982 14.6335
3.49 6.60622 6.65077 6.96074 -4.36835 -3.94689 -5.14647 14.7909 14.8649 14.7034
3.5 6.5625 6.61124 6.90909 -4.375 -3.95694 -5.18182 14.8568 14.9312 14.7727
3.51 6.51873 6.57163 6.85712 -4.37835 -3.96469 -5.21193 14.9222 14.9971 14.8416
3.52 6.47494 6.53196 6.80487 -4.3784 -3.97014 -5.2368 14.9871 15.0627 14.9099
3.53 6.43117 6.49224 6.7524 -4.37515 -3.9733 -5.25644 15.0517 15.1278 14.9777
3.54 6.38745 6.4525 6.69976 -4.3686 -3.97416 -5.27084 15.1158 15.1925 15.0449
3.55 6.34381 6.41276 6.647 -4.35875 -3.97273 -5.28 15.1794 15.2568 15.1116
3.56 6.30029 6.37305 6.59418 -4.3456 -3.969 -5.28393 15.2426 15.3208 15.1779
3.57 6.25691 6.33339 6.54134 -4.32915 -3.96297 -5.28262 15.3054 15.3843 15.2435
3.58 6.21372 6.2938 6.48854 -4.3094 -3.95464 -5.27607 15.3678 15.4474 15.3087
3.59 6.17073 6.25431 6.43583 -4.28635 -3.94402 -5.26429 15.4297 15.5102 15.3733
3.6 6.128 6.21493 6.38327 -4.26 -3.9311 -5.24727 15.4912 15.5725 15.4374
3.61 6.08555 6.17569 6.33091 -4.23035 -3.91589 -5.22502 15.5523 15.6345 15.501
3.62 6.0434 6.13662 6.27879 -4.1974 -3.89837 -5.19753 15.6129 15.696 15.564
3.63 6.00161 6.09773 6.22697 -4.16115 -3.87856 -5.1648 15.6731 15.7572 15.6265
3.64 5.96019 6.05905 6.17551 -4.1216 -3.85646 -5.12684 15.7329 15.818 15.6886
3.65 5.91919 6.02061 6.12445 -4.07875 -3.83206 -5.08364 15.7923 15.8784 15.7501
3.66 5.87863 5.98242 6.07386 -4.0326 -3.80536 -5.0352 15.8513 15.9384 15.8111
3.67 5.83855 5.94451 6.02377 -3.98315 -3.77636 -4.98153 15.9099 15.998 15.8715
3.68 5.79898 5.9069 5.97424 -3.9304 -3.74507 -4.92262 15.9681 16.0573 15.9315
3.69 5.75995 5.86962 5.92533 -3.87435 -3.71148 -4.85847 16.0259 16.1162 15.991
3.7 5.7215 5.83268 5.87709 -3.815 -3.6756 -4.78909 16.0833 16.1747 16.05
3.71 5.68366 5.79611 5.82957 -3.75235 -3.63742 -4.71447 16.1403 16.2328 16.1086
3.72 5.64646 5.75994 5.78282 -3.6864 -3.59694 -4.63462 16.197 16.2906 16.1666
3.73 5.60994 5.72418 5.73689 -3.61715 -3.55416 -4.54953 16.2533 16.348 16.2242
3.74 5.57413 5.68886 5.69185 -3.5446 -3.50909 -4.4592 16.3092 16.4051 16.2814
3.75 5.53906 5.65401 5.64773 -3.46875 -3.46172 -4.36364 16.3647 16.4618 16.3381
3.76 5.50477 5.61964 5.60459 -3.3896 -3.41206 -4.26284 16.42 16.5182 16.3943
3.77 5.47128 5.58577 5.56249 -3.30715 -3.3601 -4.1568 16.4748 16.5742 16.4502
3.78 5.43864 5.55244 5.52147 -3.2214 -3.30584 -4.04553 16.5294 16.6299 16.5056
3.79 5.40686 5.51966 5.48159 -3.13235 -3.24928 -3.92902 16.5836 16.6852 16.5606
3.8 5.376 5.48746 5.44291 -3.04 -3.19043 -3.80727 16.6375 16.7403 16.6152
3.81 5.34608 5.45586 5.40547 -2.94435 -3.12928 -3.68029 16.6911 16.795 16.6695
3.82 5.31712 5.42489 5.36932 -2.8454 -3.06584 -3.54807 16.7445 16.8494 16.7233
3.83 5.28918 5.39455 5.33452 -2.74315 -3.0001 -3.41062 16.7975 16.9035 16.7768
3.84 5.26227 5.36489 5.30113 -2.6376 -2.93206 -3.26793 16.8502 16.9573 16.83
3.85 5.23644 5.33592 5.26918 -2.52875 -2.86172 -3.12 16.9027 17.0108 16.8829
3.86 5.21171 5.30767 5.23874 -2.4166 -2.78909 -2.96684 16.955 17.064 16.9354
3.87 5.18812 5.28015 5.20986 -2.30115 -2.71416 -2.80844 17.007 17.1169 16.9877
3.88 5.1657 5.25339 5.18259 -2.1824 -2.63694 -2.6448 17.0587 17.1696 17.0396
3.89 5.14448 5.22742 5.15698 -2.06035 -2.55742 -2.47593 17.1103 17.222 17.0913
3.9 5.1245 5.20225 5.13309 -1.935 -2.4756 -2.30182 17.1616 17.2742 17.1428
3.91 5.10579 5.17791 5.11097 -1.80635 -2.39148 -2.12247 17.2128 17.3261 17.194
3.92 5.08838 5.15443 5.09066 -1.6744 -2.30507 -1.93789 17.2638 17.3777 17.245
3.93 5.07231 5.13182 5.07222 -1.53915 -2.21636 -1.74807 17.3146 17.4292 17.2958
3.94 5.05761 5.11011 5.05571 -1.4006 -2.12536 -1.55302 17.3652 17.4804 17.3464
3.95 5.04431 5.08932 5.04118 -1.25875 -2.03206 -1.35273 17.4157 17.5314 17.3969
3.96 5.03245 5.06947 5.02868 -1.1136 -1.93646 -1.1472 17.4661 17.5822 17.4473
3.97 5.02205 5.0506 5.01826 -0.96515 -1.83856 -0.936436 17.5164 17.6328 17.4975
3.98 5.01316 5.03271 5.00997 -0.8134 -1.73837 -0.720436 17.5665 17.6832 17.5476
3.99 5.00579 5.01584 5.00386 -0.65835 -1.63589 -0.4992 17.6166 17.7334 17.5977
4 5 5 5 -0.5 -1.5311 -0.272727 17.6667 17.7835 17.6477
4.01 4.99525 4.98522 4.99748 -0.45 -1.4257 -0.23175 17.7166 17.8334 17.6977
4.02 4.991 4.97148 4.99537 -0.4 -1.32135 -0.190636 17.7666 17.8832 17.7477
4.03 4.98725 4.95879 4.99367 -0.35 -1.21807 -0.149386 17.8165 17.9329 17.7976
4.04 4.984 4.94712 4.99238 -0.3 -1.11584 -0.108 17.8663 17.9824 17.8476
4.05 4.98125 4.93647 4.99151 -0.25 -1.01468 -0.0664773 17.9161 18.0318 17.8975
4.06 4.979 4.92682 4.99105 -0.2 -0.91457 -0.0248182 17.9659 18.0811 17.9474
4.07 4.97725 4.91817 4.99101 -0.15 -0.815523 0.0169773 18.0157 18.1303 17.9973
4.08 4.976 4.91051 4.99139 -0.1 -0.717535 0.0589091 18.0655 18.1795 18.0472
4.09 4.97525 4.90382 4.99219 -0.05 -0.620606 0.100977 18.1152 18.2285 18.0971
4.1 4.975 4.89809 4.99341 -2.14939e-13 -0.524737 0.143182 18.165 18.2776 18.1471
4.11 4.97525 4.89332 4.99505 0.05 -0.429927 0.185523 18.2148 18.3265 18.197
4.12 4.976 4.88949 4.99712 0.1 -0.336176 0.228 18.2645 18.3754 18.247
4.13 4.97725 4.88659 4.99961 0.15 -0.243485 0.270614 18.3143 18.4243 18.2969
4.14 4.979 4.88462 5.00253 0.2 -0.151853 0.313364 18.3641 18.4732 18.3469
4.15 4.98125 4.88355 5.00588 0.25 -0.0612799 0.35625 18.4139 18.522 18.397
4.16 4.984 4.88339 5.00966 0.3 0.0282335 0.399273 18.4637 18.5708 18.4471
4.17 4.98725 4.88411 5.01387 0.35 0.116688 0.442432 18.5135 18.6197 18.4972
4.18 4.991 4.88572 5.01851 0.4 0.204082 0.485727 18.5634 18.6685 18.5473
4.19 4.99525 4.88819 5.02358 0.45 0.290418 0.529159 18.6134 18.7174 18.5976
4.2 5 4.89152 5.02909 0.5 0.375694 0.572727 18.6633 18.7663 18.6478
4.21 5.00525 4.8957 5.03504 0.55 0.459911 0.616432 18.7134 18.8152 18.6981
4.22 5.011 4.90072 5.04142 0.6 0.543068 0.660273 18.7634 18.8642 18.7485
4.23 5.01725 4.90656 5.04824 0.65 0.625166 0.70425 18.8136 18.9132 18.799
4.24 5.024 4.91322 5.05551 0.7 0.706205 0.748364 18.8638 18.9623 18.8495
4.25 5.03125 4.92068 5.06321 0.75 0.786184 0.792614 18.9141 19.0115 18.9001
4.26 5.039 4.92894 5.07136 0.8 0.865104 0.837 18.9644 19.0608 18.9508
4.27 5.04725 4.93798 5.07995 0.85 0.942965 0.881523 19.0148 19.1101 19.0015
4.28 5.056 4.94779 5.08899 0.9 1.01977 0.926182 19.0654 19.1595 19.0524
4.29 5.06525 4.95837 5.09847 0.95 1.09551 0.970977 19.116 19.209 19.1033
4.3 5.075 4.9697 5.10841 1 1.17019 1.01591 19.1667 19.2587 19.1543
4.31 5.08525 4.98177 5.11879 1.05 1.24381 1.06098 19.2175 19.3084 19.2055
4.32 5.096 4.99457 5.12963 1.1 1.31638 1.10618 19.2684 19.3583 19.2567
4.33 5.10725 5.00809 5.14092 1.15 1.38788 1.15152 19.3194 19.4083 19.3081
4.34 5.119 5.02233 5.15266 1.2 1.45833 1.197 19.3705 19.4585 19.3595
4.35 5.13125 5.03726 5.16486 1.25 1.52772 1.24261 19.4218 19.5088 19.4111
4.36 5.144 5.05288 5.17751 1.3 1.59604 1.28836 19.4731 19.5592 19.4628
4.37 5.15725 5.06917 5.19063 1.35 1.66331 1.33425 19.5247 19.6098 19.5147
4.38 5.171 5.08614 5.2042 1.4 1.72952 1.38027 19.5763 19.6606 19.5666
4.39 5.18525 5.10376 5.21823 1.45 1.79467 1.42643 19.6281 19.7116 19.6187
4.4 5.2 5.12203 5.23273 1.5 1.85876 1.47273 19.68 19.7627 19.671
4.41 5.21525 5.14093 5.24769 1.55 1.92179 1.51916 19.7321 19.814 19.7234
4.42 5.231 5.16046 5.26311 1.6 1.98376 1.56573 19.7843 19.8655 19.776
4.43 5.24725 5.1806 5.279 1.65 2.04467 1.61243 19.8367 19.9172 19.8287
4.44 5.264 5.20135 5.29536 1.7 2.10452 1.65927 19.8893 19.9691 19.8815
4.45 5.28125 5.22269 5.31219 1.75 2.16331 1.70625 19.942 20.0213 19.9346
4.46 5.299 5.24461 5.32949 1.8 2.22105 1.75336 19.9949 20.0736 19.9878
4.47 5.31725 5.26711 5.34726 1.85 2.27772 1.80061 20.048 20.1261 20.0412
4.48 5.336 5.29016 5.3655 1.9 2.33334 1.848 20.1012 20.1789 20.0947
4.49 5.35525 5.31377 5.38422 1.95 2.38789 1.89552 20.1547 20.232 20.1485
4.5 5.375 5.33792 5.40341 2 2.44139 1.94318 20.2083 20.2852 20.2024
4.51 5.39525 5.3626 5.42308 2.05 2.49382 1.99098 20.2622 20.3387 20.2565
4.52 5.416 5.38779 5.44323 2.1 2.5452 2.03891 20.3162 20.3925 20.3109
4.53 5.43725 5.4135 5.46386 2.15 2.59552 2.08698 20.3705 20.4465 20.3654
4.54 5.459 5.4397 5.48497 2.2 2.64478 2.13518 20.425 20.5007 20.4202
4.55 5.48125 5.46639 5.50656 2.25 2.69298 2.18352 20.4797 20.5553 20.4751
4.56 5.504 5.49355 5.52864 2.3 2.74012 2.232 20.5346 20.6101 20.5303
4.57 5.52725 5.52119 5.5512 2.35 2.7862 2.28061 20.5898 20.6651 20.5857
4.58 5.551 5.54927 5.57425 2.4 2.83122 2.32936 20.6452 20.7205 20.6413
4.59 5.57525 5.57781 5.59779 2.45 2.87518 2.37825 20.7008 20.7761 20.6972
4.6 5.6 5.60678 5.62182 2.5 2.91809 2.42727 20.7567 20.832 20.7533
4.61 5.62525 5.63617 5.64634 2.55 2.95993 2.47643 20.8128 20.8883 20.8096
4.62 5.651 5.66597 5.67135 2.6 3.00071 2.52573 20.8692 20.9448 20.8662
4.63 5.67725 5.69618 5.69685 2.65 3.04044 2.57516 20.9258 21.0016 20.923
4.64 5.704 5.72678 5.72285 2.7 3.0791 2.62473 20.9827 21.0587 20.9801
4.65 5.73125 5.75776 5.74935 2.75 3.11671 2.67443 21.0399 21.1161 21.0375
4.66 5.759 5.78911 5.77634 2.8 3.15326 2.72427 21.0973 21.1739 21.0951
4.67 5.78725 5.82082 5.80383 2.85 3.18874 2.77425 21.1551 21.2319 21.153
4.68 5.816 5.85288 5.83183 2.9 3.22317 2.82436 21.2131 21.2903 21.2112
4.69 5.84525 5.88528 5.86032 2.95 3.25654 2.87461 21.2714 21.349 21.2697
4.7 5.875 5.918 5.88932 3 3.28885 2.925 21.33 21.408 21.3284
4.71 5.90525 5.95105 5.91882 3.05 3.3201 2.97552 21.3889 21.4673 21.3875
4.72 5.936 5.9844 5.94883 3.1 3.35029 3.02618 21.4481 21.527 21.4468
4.73 5.96725 6.01805 5.97934 3.15 3.37942 3.07698 21.5076 21.587 21.5064
4.74 5.999 6.05199 6.01037 3.2 3.4075 3.12791 21.5675 21.6474 21.5664
4.75 6.03125 6.0862 6.0419 3.25 3.43451 3.17898 21.6276 21.7081 21.6266
4.76 6.064 6.12067 6.07395 3.3 3.46046 3.23018 21.6881 21.7691 21.6872
4.77 6.09725 6.1554 6.10651 3.35 3.48536 3.28152 21.7489 21.8305 21.7481
4.78 6.131 6.19038 6.13958 3.4 3.50919 3.333 21.81 21.8922 21.8094
4.79 6.16525 6.22559 6.17317 3.45 3.53197 3.38461 21.8715 21.9543 21.8709
4.8 6.2 6.26101 6.20727 3.5 3.55368 3.43636 21.9333 22.0167 21.9328
4.81 6.23525 6.29666 6.2419 3.55 3.57434 3.48825 21.9955 22.0795 21.9951
4.82 6.271 6.3325 6.27704 3.6 3.59394 3.54027 22.058 22.1426 22.0577
4.83 6.30725 6.36853 6.3127 3.65 3.61248 3.59243 22.1209 22.2061 22.1206
4.84 6.344 6.40474 6.34889 3.7 3.62996 3.64473 22.1842 22.27 22.1839
4.85 6.38125 6.44113 6.3856 3.75 3.64638 3.69716 22.2478 22.3342 22.2476
4.86 6.419 6.47767 6.42283 3.8 3.66174 3.74973 22.3118 22.3988 22.3116
4.87 6.45725 6.51436 6.46059 3.85 3.67604 3.80243 22.3762 22.4638 22.376
4.88 6.496 6.55118 6.49888 3.9 3.68928 3.85527 22.441 22.5291 22.4408
4.89 6.53525 6.58814 6.5377 3.95 3.70146 3.90825 22.5061 22.5948 22.506
4.9 6.575 6.62521 6.57705 4 3.71258 3.96136 22.5717 22.6609 22.5716
4.91 6.61525 6.66239 6.61693 4.05 3.72265 4.01461 22.6376 22.7273 22.6376
4.92 6.656 6.69966 6.65734 4.1 3.73165 4.068 22.704 22.7941 22.7039
4.93 6.69725 6.73702 6.69829 4.15 3.7396 4.12152 22.7707 22.8613 22.7707
4.94 6.739 6.77445 6.73977 4.2 3.74648 4.17518 22.8379 22.9289 22.8379
4.95 6.78125 6.81194 6.78179 4.25 3.75231 4.22898 22.9055 22.9968 22.9055
4.96 6.824 6.84949 6.82435 4.3 3.75708 4.28291 22.9735 23.0651 22.9735
4.97 6.86725 6.88708 6.86745 4.35 3.76078 4.33698 23.042 23.1338 23.042
4.98 6.911 6.9247 6.91109 4.4 3.76343 4.39118 23.1109 23.2029 23.1109
4.99 6.95525 6.96235 6.95527 4.45 3.76502 4.44552 23.1802 23.2723 23.1802
5 7 7 7 4.5 3.76555 4.5 23.25 23.3421 23.25


