-2.5 -1
-1.5 -1
-0.5 -1
0.5 1
1.5 1
2.5 1


-2.5 -1 -1 -1 0 0.181818 0 0 0 0
-2.49 -1 -0.998182 -1 0 0.181764 0 -0.01 -0.00999091 -0.01
-2.48 -1 -0.996365 -1 0 0.1816 0 -0.02 -0.0199636 -0.02
-2.47 -1 -0.99455 -1 0 0.181327 0 -0.03 -0.0299182 -0.03
-2.46 -1 -0.992739 -1 0 0.180945 0 -0.04 -0.0398547 -0.04
-2.45 -1 -0.990932 -1 0 0.180455 0 -0.05 -0.049773 -0.05
-2.44 -1 -0.98913 -1 0 0.179855 0 -0.06 -0.0596733 -0.06
-2.43 -1 -0.987335 -1 0 0.179145 0 -0.07 -0.0695556 -0.07
-2.42 -1 -0.985548 -1 0 0.178327 0 -0.08 -0.07942 -0.08
-2.41 -1 -0.983769 -1 0 0.1774 0 -0.09 -0.0892666 -0.09
-2.4 -1 -0.982 -1 0 0.176364 0 -0.1 -0.0990955 -0.1
-2.39 -1 -0.980242 -1 0 0.175218 0 -0.11 -0.108907 -0.11
-2.38 -1 -0.978496 -1 0 0.173964 0 -0.12 -0.1187 -0.12
-2.37 -1 -0.976763 -1 0 0.1726 0 -0.13 -0.128477 -0.13
-2.36 -1 -0.975044 -1 0 0.171127 0 -0.14 -0.138236 -0.14
-2.35 -1 -0.973341 -1 0 0.169545 0 -0.15 -0.147978 -0.15
-2.34 -1 -0.971654 -1 0 0.167855 0 -0.16 -0.157703 -0.16
-2.33 -1 -0.969984 -1 0 0.166055 0 -0.17 -0.167411 -0.17
-2.32 -1 -0.968333 -1 0 0.164145 0 -0.18 -0.177102 -0.18
-2.31 -1 -0.966702 -1 0 0.162127 0 -0.19 -0.186777 -0.19
-2.3 -1 -0.965091 -1 0 0.16 0 -0.2 -0.196436 -0.2
-2.29 -1 -0.963502 -1 0 0.157764 0 -0.21 -0.206079 -0.21
-2.28 -1 -0.961936 -1 0 0.155418 0 -0.22 -0.215706 -0.22
-2.27 -1 -0.960394 -1 0 0.152964 0 -0.23 -0.225318 -0.23
-2.26 -1 -0.958877 -1 0 0.1504 0 -0.24 -0.234914 -0.24
-2.25 -1 -0.957386 -1 0 0.147727 0 -0.25 -0.244496 -0.25
-2.24 -1 -0.955923 -1 0 0.144945 0 -0.26 -0.254062 -0.26
-2.23 -1 -0.954488 -1 0 0.142055 0 -0.27 -0.263614 -0.27
-2.22 -1 -0.953082 -1 0 0.139055 0 -0.28 -0.273152 -0.28
-2.21 -1 -0.951707 -1 0 0.135945 0 -0.29 -0.282676 -0.29
-2.2 -1 -0.950364 -1 0 0.132727 0 -0.3 -0.292186 -0.3
-2.19 -1 -0.949053 -1 0 0.1294 0 -0.31 -0.301683 -0.31
-2.18 -1 -0.947776 -1 0 0.125964 0 -0.32 -0.311168 -0.32
-2.17 -1 -0.946534 -1 0 0.122418 0 -0.33 -0.320639 -0.33
-2.16 -1 -0.945328 -1 0 0.118764 0 -0.34 -0.330098 -0.34
-2.15 -1 -0.944159 -1 0 0.115 0 -0.35 -0.339546 -0.35
-2.14 -1 -0.943028 -1 0 0.111127 0 -0.36 -0.348982 -0.36
-2.13 -1 -0.941937 -1 0 0.107145 0 -0.37 -0.358406 -0.37
-2.12 -1 -0.940886 -1 0 0.103055 0 -0.38 -0.367821 -0.38
-2.11 -1 -0.939876 -1 0 0.0988545 0 -0.39 -0.377224 -0.39
-2.1 -1 -0.938909 -1 0 0.0945455 0 -0.4 -0.386618 -0.4
-2.09 -1 -0.937986 -1 0 0.0901273 0 -0.41 -0.396003 -0.41
-2.08 -1 -0.937107 -1 0 0.0856 0 -0.42 -0.405378 -0.42
-2.07 -1 -0.936274 -1 0 0.0809636 0 -0.43 -0.414745 -0.43
-2.06 -1 -0.935488 -1 0 0.0762182 0 -0.44 -0.424104 -0.44
-2.05 -1 -0.93475 -1 0 0.0713636 0 -0.45 -0.433455 -0.45
-2.04 -1 -0.934061 -1 0 0.0664 0 -0.46 -0.442799 -0.46
-2.03 -1 -0.933422 -1 0 0.0613273 0 -0.47 -0.452136 -0.47
-2.02 -1 -0.932835 -1 0 0.0561455 0 -0.48 -0.461467 -0.48
-2.01 -1 -0.9323 -1 0 0.0508545 0 -0.49 -0.470793 -0.49
-2 -1 -0.931818 -1 0 0.0454545 0 -0.5 -0.480114 -0.5
-1.99 -1 -0.931391 -1 0 0.0399455 0 -0.51 -0.48943 -0.51
-1.98 -1 -0.93102 -1 0 0.0343273 0 -0.52 -0.498742 -0.52
-1.97 -1 -0.930705 -1 0 0.0286 0 -0.53 -0.50805 -0.53
-1.96 -1 -0.930448 -1 0 0.0227636 0 -0.54 -0.517356 -0.54
-1.95 -1 -0.93025 -1 0 0.0168182 0 -0.55 -0.526659 -0.55
-1.94 -1 -0.930112 -1 0 0.0107636 0 -0.56 -0.535961 -0.56
-1.93 -1 -0.930035 -1 0 0.0046 0 -0.57 -0.545262 -0.57
-1.92 -1 -0.93002 -1 0 -0.00167273 0 -0.58 -0.554562 -0.58
-1.91 -1 -0.930069 -1 0 -0.00805455 0 -0.59 -0.563862 -0.59
-1.9 -1 -0.930182 -1 0 -0.0145455 0 -0.6 -0.573164 -0.6
-1.89 -1 -0.93036 -1 0 -0.0211455 0 -0.61 -0.582466 -0.61
-1.88 -1 -0.930605 -1 0 -0.0278545 0 -0.62 -0.591771 -0.62
-1.87 -1 -0.930918 -1 0 -0.0346727 0 -0.63 -0.601079 -0.63
-1.86 -1 -0.931299 -1 0 -0.0416 0 -0.64 -0.61039 -0.64
-1.85 -1 -0.93175 -1 0 -0.0486364 0 -0.65 -0.619705 -0.65
-1.84 -1 -0.932272 -1 0 -0.0557818 0 -0.66 -0.629025 -0.66
-1.83 -1 -0.932866 -1 0 -0.0630364 0 -0.67 -0.638351 -0.67
-1.82 -1 -0.933533 -1 0 -0.0704 0 -0.68 -0.647682 -0.68
-1.81 -1 -0.934274 -1 0 -0.0778727 0 -0.69 -0.657021 -0.69
-1.8 -1 -0.935091 -1 0 -0.0854545 0 -0.7 -0.666368 -0.7
-1.79 -1 -0.935984 -1 0 -0.0931455 0 -0.71 -0.675723 -0.71
-1.78 -1 -0.936954 -1 0 -0.100945 0 -0.72 -0.685088 -0.72
-1.77 -1 -0.938003 -1 0 -0.108855 0 -0.73 -0.694463 -0.73
-1.76 -1 -0.939132 -1 0 -0.116873 0 -0.74 -0.703848 -0.74
-1.75 -1 -0.940341 -1 0 -0.125 0 -0.75 -0.713246 -0.75
-1.74 -1 -0.941632 -1 0 -0.133236 0 -0.76 -0.722656 -0.76
-1.73 -1 -0.943006 -1 0 -0.141582 0 -0.77 -0.732079 -0.77
-1.72 -1 -0.944464 -1 0 -0.150036 0 -0.78 -0.741516 -0.78
-1.71 -1 -0.946007 -1 0 -0.1586 0 -0.79 -0.750968 -0.79
-1.7 -1 -0.947636 -1 0 -0.167273 0 -0.8 -0.760436 -0.8
-1.69 -1 -0.949353 -1 0 -0.176055 0 -0.81 -0.769921 -0.81
-1.68 -1 -0.951158 -1 0 -0.184945 0 -0.82 -0.779424 -0.82
-1.67 -1 -0.953052 -1 0 -0.193945 0 -0.83 -0.788945 -0.83
-1.66 -1 -0.955037 -1 0 -0.203055 0 -0.84 -0.798485 -0.84
-1.65 -1 -0.957114 -1 0 -0.212273 0 -0.85 -0.808046 -0.85
-1.64 -1 -0.959283 -1 0 -0.2216 0 -0.86 -0.817628 -0.86
-1.63 -1 -0.961546 -1 0 -0.231036 0 -0.87 -0.827232 -0.87
-1.62 -1 -0.963904 -1 0 -0.240582 0 -0.88 -0.836859 -0.88
-1.61 -1 -0.966358 -1 0 -0.250236 0 -0.89 -0.84651 -0.89
-1.6 -1 -0.968909 -1 0 -0.26 0 -0.9 -0.856186 -0.9
-1.59 -1 -0.971558 -1 0 -0.269873 0 -0.91 -0.865889 -0.91
-1.58 -1 -0.974307 -1 0 -0.279855 0 -0.92 -0.875618 -0.92
-1.57 -1 -0.977156 -1 0 -0.289945 0 -0.93 -0.885375 -0.93
-1.56 -1 -0.980106 -1 0 -0.300145 0 -0.94 -0.895161 -0.94
-1.55 -1 -0.983159 -1 0 -0.310455 0 -0.95 -0.904978 -0.95
-1.54 -1 -0.986316 -1 0 -0.320873 0 -0.96 -0.914825 -0.96
-1.53 -1 -0.989577 -1 0 -0.3314 0 -0.97 -0.924704 -0.97
-1.52 -1 -0.992944 -1 0 -0.342036 0 -0.98 -0.934617 -0.98
-1.51 -1 -0.996418 -1 0 -0.352782 0 -0.99 -0.944563 -0.99
-1.5 -1 -1 -1 0 -0.363636 0 -1 -0.954545 -1
-1.49 -1.0001 -1.00369 -1 -0.0197 -0.374273 0 -1.01 -0.964564 -1.01
-1.48 -1.00039 -1.00748 -1 -0.0388 -0.384364 0 -1.02 -0.97462 -1.02
-1.47 -1.00087 -1.01138 -1 -0.0573 -0.393909 0 -1.03001 -0.984714 -1.03
-1.46 -1.00154 -1.01536 -1 -0.0752 -0.402909 0 -1.04002 -0.994847 -1.04
-1.45 -1.00237 -1.01943 -1 -0.0925 -0.411364 0 -1.05004 -1.00502 -1.05
-1.44 -1.00338 -1.02359 -1 -0.1092 -0.419273 0 -1.06007 -1.01524 -1.06
-1.43 -1.00456 -1.02782 -1 -0.1253 -0.426636 0 -1.07011 -1.02549 -1.07
-1.42 -1.00589 -1.03212 -1 -0.1408 -0.433455 0 -1.08016 -1.03579 -1.08
-1.41 -1.00737 -1.03648 -1 -0.1557 -0.439727 0 -1.09023 -1.04614 -1.09
-1.4 -1.009 -1.04091 -1 -0.17 -0.445455 0 -1.10031 -1.05652 -1.1
-1.39 -1.01077 -1.04539 -1 -0.1837 -0.450636 0 -1.11041 -1.06695 -1.11
-1.38 -1.01267 -1.04992 -1 -0.1968 -0.455273 0 -1.12052 -1.07743 -1.12
-1.37 -1.0147 -1.05449 -1 -0.2093 -0.459364 0 -1.13066 -1.08795 -1.13
-1.36 -1.01686 -1.05911 -1 -0.2212 -0.462909 0 -1.14082 -1.09852 -1.14
-1.35 -1.01912 -1.06375 -1 -0.2325 -0.465909 0 -1.151 -1.10913 -1.15
-1.34 -1.0215 -1.06842 -1 -0.2432 -0.468364 0 -1.1612 -1.1198 -1.16
-1.33 -1.02399 -1.07312 -1 -0.2533 -0.470273 0 -1.17143 -1.1305 -1.17
-1.32 -1.02657 -1.07783 -1 -0.2628 -0.471636 0 -1.18168 -1.14126 -1.18
-1.31 -1.02924 -1.08255 -1 -0.2717 -0.472455 0 -1.19196 -1.15206 -1.19
-1.3 -1.032 -1.08727 -1 -0.28 -0.472727 0 -1.20227 -1.16291 -1.2
-1.29 -1.03484 -1.092 -1 -0.2877 -0.472455 0 -1.2126 -1.17381 -1.21
-1.28 -1.03775 -1.09672 -1 -0.2948 -0.471636 0 -1.22296 -1.18475 -1.22
-1.27 -1.04073 -1.10143 -1 -0.3013 -0.470273 0 -1.23336 -1.19574 -1.23
-1.26 -1.04378 -1.10612 -1 -0.3072 -0.468364 0 -1.24378 -1.20678 -1.24
-1.25 -1.04687 -1.1108 -1 -0.3125 -0.465909 0 -1.25423 -1.21786 -1.25
-1.24 -1.05002 -1.11544 -1 -0.3172 -0.462909 0 -1.26472 -1.22899 -1.26
-1.23 -1.05322 -1.12005 -1 -0.3213 -0.459364 0 -1.27523 -1.24017 -1.27
-1.22 -1.05645 -1.12463 -1 -0.3248 -0.455273 0 -1.28578 -1.25139 -1.28
-1.21 -1.05971 -1.12916 -1 -0.3277 -0.450636 0 -1.29636 -1.26266 -1.29
-1.2 -1.063 -1.13364 -1 -0.33 -0.445455 0 -1.30697 -1.27398 -1.3
-1.19 -1.06631 -1.13806 -1 -0.3317 -0.439727 0 -1.31762 -1.28534 -1.31
-1.18 -1.06963 -1.14243 -1 -0.3328 -0.433455 0 -1.3283 -1.29674 -1.32
-1.17 -1.07296 -1.14673 -1 -0.3333 -0.426636 0 -1.33901 -1.30818 -1.33
-1.16 -1.0763 -1.15096 -1 -0.3332 -0.419273 0 -1.34976 -1.31967 -1.34
-1.15 -1.07962 -1.15511 -1 -0.3325 -0.411364 0 -1.36054 -1.3312 -1.35
-1.14 -1.08294 -1.15919 -1 -0.3312 -0.402909 0 -1.37135 -1.34277 -1.36
-1.13 -1.08625 -1.16317 -1 -0.3293 -0.393909 0 -1.3822 -1.35439 -1.37
-1.12 -1.08953 -1.16706 -1 -0.3268 -0.384364 0 -1.39308 -1.36604 -1.38
-1.11 -1.09278 -1.17086 -1 -0.3237 -0.374273 0 -1.40399 -1.37773 -1.39
-1.1 -1.096 -1.17455 -1 -0.32 -0.363636 0 -1.41493 -1.38945 -1.4
-1.09 -1.09918 -1.17813 -1 -0.3157 -0.352455 0 -1.42591 -1.40122 -1.41
-1.08 -1.10231 -1.18159 -1 -0.3108 -0.340727 0 -1.43692 -1.41302 -1.42
-1.07 -1.10539 -1.18494 -1 -0.3053 -0.328455 0 -1.44796 -1.42485 -1.43
-1.06 -1.10842 -1.18816 -1 -0.2992 -0.315636 0 -1.45902 -1.43672 -1.44
-1.05 -1.11137 -1.19125 -1 -0.2925 -0.302273 0 -1.47012 -1.44861 -1.45
-1.04 -1.11426 -1.1942 -1 -0.2852 -0.288364 0 -1.48125 -1.46054 -1.46
-1.03 -1.11708 -1.19702 -1 -0.2773 -0.273909 0 -1.49241 -1.4725 -1.47
-1.02 -1.11981 -1.19968 -1 -0.2688 -0.258909 0 -1.50359 -1.48448 -1.48
-1.01 -1.12245 -1.20219 -1 -0.2597 -0.243364 0 -1.5148 -1.49649 -1.49
-1 -1.125 -1.20455 -1 -0.25 -0.227273 0 -1.52604 -1.50852 -1.5
-0.99 -1.12745 -1.20674 -1 -0.2397 -0.210636 0 -1.5373 -1.52058 -1.51
-0.98 -1.12979 -1.20876 -1 -0.2288 -0.193455 0 -1.54859 -1.53266 -1.52
-0.97 -1.13202 -1.2106 -1 -0.2173 -0.175727 0 -1.5599 -1.54475 -1.53
-0.96 -1.13414 -1.21227 -1 -0.2052 -0.157455 0 -1.57123 -1.55687 -1.54
-0.95 -1.13612 -1.21375 -1 -0.1925 -0.138636 0 -1.58258 -1.569 -1.55
-0.94 -1.13798 -1.21504 -1 -0.1792 -0.119273 0 -1.59395 -1.58114 -1.56
-0.93 -1.13971 -1.21613 -1 -0.1653 -0.0993636 0 -1.60534 -1.5933 -1.57
-0.92 -1.14129 -1.21703 -1 -0.1508 -0.0789091 0 -1.61675 -1.60546 -1.58
-0.91 -1.14272 -1.21771 -1 -0.1357 -0.0579091 0 -1.62817 -1.61764 -1.59
-0.9 -1.144 -1.21818 -1 -0.12 -0.0363636 0 -1.6396 -1.62982 -1.6
-0.89 -1.14512 -1.21844 -1 -0.1037 -0.0142727 0 -1.65105 -1.642 -1.61
-0.88 -1.14607 -1.21847 -1 -0.0868 0.00836364 0 -1.6625 -1.65419 -1.62
-0.87 -1.14685 -1.21827 -1 -0.0693 0.0315455 0 -1.67397 -1.66637 -1.63
-0.86 -1.14746 -1.21783 -1 -0.0512 0.0552727 0 -1.68544 -1.67855 -1.64
-0.85 -1.14787 -1.21716 -1 -0.0325 0.0795455 0 -1.69692 -1.69073 -1.65
-0.84 -1.1481 -1.21624 -1 -0.0132 0.104364 0 -1.7084 -1.70289 -1.66
-0.83 -1.14814 -1.21507 -1 0.0067 0.129727 0 -1.71988 -1.71505 -1.67
-0.82 -1.14797 -1.21364 -1 0.0272 0.155636 0 -1.73136 -1.72719 -1.68
-0.81 -1.14759 -1.21196 -1 0.0483 0.182091 0 -1.74284 -1.73932 -1.69
-0.8 -1.147 -1.21 -1 0.07 0.209091 0 -1.75431 -1.75143 -1.7
-0.79 -1.14619 -1.20777 -1 0.0923 0.236636 0 -1.76577 -1.76352 -1.71
-0.78 -1.14515 -1.20527 -1 0.1152 0.264727 0 -1.77723 -1.77559 -1.72
-0.77 -1.14388 -1.20248 -1 0.1387 0.293364 0 -1.78868 -1.78763 -1.73
-0.76 -1.14238 -1.1994 -1 0.1628 0.322545 0 -1.80011 -1.79963 -1.74
-0.75 -1.14063 -1.19602 -1 0.1875 0.352273 0 -1.81152 -1.81161 -1.75
-0.74 -1.13862 -1.19235 -1 0.2128 0.382545 0 -1.82292 -1.82355 -1.76
-0.73 -1.13637 -1.18837 -1 0.2387 0.413364 0 -1.8343 -1.83546 -1.77
-0.72 -1.13385 -1.18408 -1 0.2652 0.444727 0 -1.84565 -1.84732 -1.78
-0.71 -1.13106 -1.17947 -1 0.2923 0.476636 0 -1.85697 -1.85914 -1.79
-0.7 -1.128 -1.17455 -1 0.32 0.509091 0 -1.86827 -1.87091 -1.8
-0.69 -1.12466 -1.16929 -1 0.3483 0.542091 0 -1.87953 -1.88263 -1.81
-0.68 -1.12103 -1.1637 -1 0.3772 0.575636 0 -1.89076 -1.89429 -1.82
-0.67 -1.11711 -1.15778 -1 0.4067 0.609727 0 -1.90195 -1.9059 -1.83
-0.66 -1.1129 -1.15151 -1 0.4368 0.644364 0 -1.9131 -1.91745 -1.84
-0.65 -1.10838 -1.14489 -1 0.4675 0.679545 0 -1.92421 -1.92893 -1.85
-0.64 -1.10354 -1.13791 -1 0.4988 0.715273 0 -1.93527 -1.94034 -1.86
-0.63 -1.0984 -1.13058 -1 0.5307 0.751545 0 -1.94628 -1.95169 -1.87
-0.62 -1.09293 -1.12288 -1 0.5632 0.788364 0 -1.95723 -1.96296 -1.88
-0.61 -1.08713 -1.11481 -1 0.5963 0.825727 0 -1.96813 -1.97414 -1.89
-0.6 -1.081 -1.10636 -1 0.63 0.863636 0 -1.97897 -1.98525 -1.9
-0.59 -1.07453 -1.09754 -1 0.6643 0.902091 0 -1.98975 -1.99627 -1.91
-0.58 -1.06771 -1.08832 -1 0.6992 0.941091 0 -2.00046 -2.0072 -1.92
-0.57 -1.06054 -1.07871 -1 0.7347 0.980636 0 -2.01111 -2.01803 -1.93
-0.56 -1.05302 -1.06871 -1 0.7708 1.02073 0 -2.02167 -2.02877 -1.94
-0.55 -1.04513 -1.0583 -1 0.8075 1.06136 0 -2.03217 -2.03941 -1.95
-0.54 -1.03686 -1.04748 -1 0.8448 1.10255 0 -2.04258 -2.04994 -1.96
-0.53 -1.02823 -1.03624 -1 0.8827 1.14427 0 -2.0529 -2.06036 -1.97
-0.52 -1.01921 -1.02459 -1 0.9212 1.18655 0 -2.06314 -2.07066 -1.98
-0.51 -1.0098 -1.01251 -1 0.9603 1.22936 0 -2.07328 -2.08085 -1.99
-0.5 -1 -1 -1 1 1.27273 0 -2.08333 -2.09091 -2
-0.49 -0.989702 -0.987056 -0.999404 1.0594 1.31593 0.1188 -2.09328 -2.10084 -2.01
-0.48 -0.978816 -0.973684 -0.997632 1.1176 1.35825 0.2352 -2.10313 -2.11065 -2.01998
-0.47 -0.967354 -0.959894 -0.994708 1.1746 1.39971 0.3492 -2.11286 -2.12032 -2.02995
-0.46 -0.955328 -0.945693 -0.990656 1.2304 1.44029 0.4608 -2.12247 -2.12985 -2.03987
-0.45 -0.94275 -0.931091 -0.9855 1.285 1.48 0.57 -2.13196 -2.13923 -2.04976
-0.44 -0.929632 -0.916096 -0.979264 1.3384 1.51884 0.6768 -2.14132 -2.14847 -2.05958
-0.43 -0.915986 -0.900717 -0.971972 1.3906 1.5568 0.7812 -2.15055 -2.15755 -2.06934
-0.42 -0.901824 -0.884963 -0.963648 1.4416 1.59389 0.8832 -2.15964 -2.16648 -2.07902
-0.41 -0.887158 -0.868842 -0.954316 1.4914 1.63011 0.9828 -2.16859 -2.17525 -2.08861
-0.4 -0.872 -0.852364 -0.944 1.54 1.66545 1.08 -2.17738 -2.18385 -2.0981
-0.39 -0.856362 -0.835536 -0.932724 1.5874 1.69993 1.1748 -2.18603 -2.19229 -2.10748
-0.38 -0.840256 -0.818368 -0.920512 1.6336 1.73353 1.2672 -2.19451 -2.20056 -2.11675
-0.37 -0.823694 -0.800868 -0.907388 1.6786 1.76625 1.3572 -2.20283 -2.20866 -2.12589
-0.36 -0.806688 -0.783046 -0.893376 1.7224 1.79811 1.4448 -2.21098 -2.21658 -2.1349
-0.35 -0.78925 -0.764909 -0.8785 1.765 1.82909 1.53 -2.21896 -2.22432 -2.14376
-0.34 -0.771392 -0.746467 -0.862784 1.8064 1.8592 1.6128 -2.22677 -2.23188 -2.15246
-0.33 -0.753126 -0.727728 -0.846252 1.8466 1.88844 1.6932 -2.23439 -2.23925 -2.16101
-0.32 -0.734464 -0.708701 -0.828928 1.8856 1.9168 1.7712 -2.24183 -2.24643 -2.16939
-0.31 -0.715418 -0.689395 -0.810836 1.9234 1.94429 1.8468 -2.24908 -2.25342 -2.17759
-0.3 -0.696 -0.669818 -0.792 1.96 1.97091 1.92 -2.25613 -2.26022 -2.1856
-0.29 -0.676222 -0.64998 -0.772444 1.9954 1.99665 1.9908 -2.26299 -2.26682 -2.19342
-0.28 -0.656096 -0.629888 -0.752192 2.0296 2.02153 2.0592 -2.26966 -2.27322 -2.20105
-0.27 -0.635634 -0.609552 -0.731268 2.0626 2.04553 2.1252 -2.27612 -2.27941 -2.20846
-0.26 -0.614848 -0.58898 -0.709696 2.0944 2.06865 2.1888 -2.28237 -2.28541 -2.21567
-0.25 -0.59375 -0.568182 -0.6875 2.125 2.09091 2.25 -2.28841 -2.29119 -2.22266
-0.24 -0.572352 -0.547165 -0.664704 2.1544 2.11229 2.3088 -2.29424 -2.29677 -2.22942
-0.23 -0.550666 -0.525939 -0.641332 2.1826 2.1328 2.3652 -2.29986 -2.30214 -2.23595
-0.22 -0.528704 -0.504512 -0.617408 2.2096 2.15244 2.4192 -2.30525 -2.30729 -2.24224
-0.21 -0.506478 -0.482893 -0.592956 2.2354 2.1712 2.4708 -2.31043 -2.31223 -2.24829
-0.2 -0.484 -0.461091 -0.568 2.26 2.18909 2.52 -2.31538 -2.31695 -2.2541
-0.19 -0.461282 -0.439114 -0.542564 2.2834 2.20611 2.5668 -2.32011 -2.32145 -2.25965
-0.18 -0.438336 -0.416972 -0.516672 2.3056 2.22225 2.6112 -2.32461 -2.32573 -2.26495
-0.17 -0.415174 -0.394672 -0.490348 2.3266 2.23753 2.6532 -2.32888 -2.32979 -2.26999
-0.16 -0.391808 -0.372224 -0.463616 2.3464 2.25193 2.6928 -2.33291 -2.33362 -2.27476
-0.15 -0.36825 -0.349636 -0.4365 2.365 2.26545 2.73 -2.33671 -2.33723 -2.27926
-0.14 -0.344512 -0.326918 -0.409024 2.3824 2.27811 2.7648 -2.34028 -2.34061 -2.28348
-0.13 -0.320606 -0.304077 -0.381212 2.3986 2.28989 2.7972 -2.3436 -2.34377 -2.28744
-0.12 -0.296544 -0.281123 -0.353088 2.4136 2.3008 2.8272 -2.34669 -2.34669 -2.29111
-0.11 -0.272338 -0.258064 -0.324676 2.4274 2.31084 2.8548 -2.34953 -2.34939 -2.2945
-0.1 -0.248 -0.234909 -0.296 2.44 2.32 2.88 -2.35213 -2.35185 -2.2976
-0.09 -0.223542 -0.211667 -0.267084 2.4514 2.32829 2.9028 -2.35449 -2.35409 -2.30042
-0.08 -0.198976 -0.188346 -0.237952 2.4616 2.33571 2.9232 -2.3566 -2.35609 -2.30294
-0.07 -0.174314 -0.164956 -0.208628 2.4706 2.34225 2.9412 -2.35847 -2.35785 -2.30517
-0.06 -0.149568 -0.141504 -0.179136 2.4784 2.34793 2.9568 -2.36009 -2.35939 -2.30711
-0.05 -0.12475 -0.118 -0.1495 2.485 2.35273 2.97 -2.36146 -2.36068 -2.30876
-0.04 -0.099872 -0.0944524 -0.119744 2.4904 2.35665 2.9808 -2.36258 -2.36175 -2.3101
-0.03 -0.074946 -0.0708698 -0.089892 2.4946 2.35971 2.9892 -2.36346 -2.36257 -2.31115
-0.02 -0.049984 -0.0472611 -0.059968 2.4976 2.36189 2.9952 -2.36408 -2.36316 -2.3119
-0.01 -0.024998 -0.0236349 -0.029996 2.4994 2.3632 2.9988 -2.36446 -2.36352 -2.31235
-9.01709e-15 -2.25375e-14 -2.12053e-14 -2.70894e-14 2.5 2.36364 3 -2.36458 -2.36364 -2.3125
0.01 0.024998 0.0236349 0.029996 2.4994 2.3632 2.9988 -2.36446 -2.36352 -2.31235
0.02 0.049984 0.0472611 0.059968 2.4976 2.36189 2.9952 -2.36408 -2.36316 -2.3119
0.03 0.074946 0.0708698 0.089892 2.4946 2.35971 2.9892 -2.36346 -2.36257 -2.31115
0.04 0.099872 0.0944524 0.119744 2.4904 2.35665 2.9808 -2.36258 -2.36175 -2.3101
0.05 0.12475 0.118 0.1495 2.485 2.35273 2.97 -2.36146 -2.36068 -2.30876
0.06 0.149568 0.141504 0.179136 2.4784 2.34793 2.9568 -2.36009 -2.35939 -2.30711
0.07 0.174314 0.164956 0.208628 2.4706 2.34225 2.9412 -2.35847 -2.35785 -2.30517
0.08 0.198976 0.188346 0.237952 2.4616 2.33571 2.9232 -2.3566 -2.35609 -2.30294
0.09 0.223542 0.211667 0.267084 2.4514 2.32829 2.9028 -2.35449 -2.35409 -2.30042
0.1 0.248 0.234909 0.296 2.44 2.32 2.88 -2.35213 -2.35185 -2.2976
0.11 0.272338 0.258064 0.324676 2.4274 2.31084 2.8548 -2.34953 -2.34939 -2.2945
0.12 0.296544 0.281123 0.353088 2.4136 2.3008 2.8272 -2.34669 -2.34669 -2.29111
0.13 0.320606 0.304077 0.381212 2.3986 2.28989 2.7972 -2.3436 -2.34377 -2.28744
0.14 0.344512 0.326918 0.409024 2.3824 2.27811 2.7648 -2.34028 -2.34061 -2.28348
0.15 0.36825 0.349636 0.4365 2.365 2.26545 2.73 -2.33671 -2.33723 -2.27926
0.16 0.391808 0.372224 0.463616 2.3464 2.25193 2.6928 -2.33291 -2.33362 -2.27476
0.17 0.415174 0.394672 0.490348 2.3266 2.23753 2.6532 -2.32888 -2.32979 -2.26999
0.18 0.438336 0.416972 0.516672 2.3056 2.22225 2.6112 -2.32461 -2.32573 -2.26495
0.19 0.461282 0.439114 0.542564 2.2834 2.20611 2.5668 -2.32011 -2.32145 -2.25965
0.2 0.484 0.461091 0.568 2.26 2.18909 2.52 -2.31538 -2.31695 -2.2541
0.21 0.506478 0.482893 0.592956 2.2354 2.1712 2.4708 -2.31043 -2.31223 -2.24829
0.22 0.528704 0.504512 0.617408 2.2096 2.15244 2.4192 -2.30525 -2.30729 -2.24224
0.23 0.550666 0.525939 0.641332 2.1826 2.1328 2.3652 -2.29986 -2.30214 -2.23595
0.24 0.572352 0.547165 0.664704 2.1544 2.11229 2.3088 -2.29424 -2.29677 -2.22942
0.25 0.59375 0.568182 0.6875 2.125 2.09091 2.25 -2.28841 -2.29119 -2.22266
0.26 0.614848 0.58898 0.709696 2.0944 2.06865 2.1888 -2.28237 -2.28541 -2.21567
0.27 0.635634 0.609552 0.731268 2.0626 2.04553 2.1252 -2.27612 -2.27941 -2.20846
0.28 0.656096 0.629888 0.752192 2.0296 2.02153 2.0592 -2.26966 -2.27322 -2.20105
0.29 0.676222 0.64998 0.772444 1.9954 1.99665 1.9908 -2.26299 -2.26682 -2.19342
0.3 0.696 0.669818 0.792 1.96 1.97091 1.92 -2.25613 -2.26022 -2.1856
0.31 0.715418 0.689395 0.810836 1.9234 1.94429 1.8468 -2.24908 -2.25342 -2.17759
0.32 0.734464 0.708701 0.828928 1.8856 1.9168 1.7712 -2.24183 -2.24643 -2.16939
0.33 0.753126 0.727728 0.846252 1.8466 1.88844 1.6932 -2.23439 -2.23925 -2.16101
0.34 0.771392 0.746467 0.862784 1.8064 1.8592 1.6128 -2.22677 -2.23188 -2.15246
0.35 0.78925 0.764909 0.8785 1.765 1.82909 1.53 -2.21896 -2.22432 -2.14376
0.36 0.806688 0.783046 0.893376 1.7224 1.79811 1.4448 -2.21098 -2.21658 -2.1349
0.37 0.823694 0.800868 0.907388 1.6786 1.76625 1.3572 -2.20283 -2.20866 -2.12589
0.38 0.840256 0.818368 0.920512 1.6336 1.73353 1.2672 -2.19451 -2.20056 -2.11675
0.39 0.856362 0.835536 0.932724 1.5874 1.69993 1.1748 -2.18603 -2.19229 -2.10748
0.4 0.872 0.852364 0.944 1.54 1.66545 1.08 -2.17738 -2.18385 -2.0981
0.41 0.887158 0.868842 0.954316 1.4914 1.63011 0.9828 -2.16859 -2.17525 -2.08861
0.42 0.901824 0.884963 0.963648 1.4416 1.59389 0.8832 -2.15964 -2.16648 -2.07902
0.43 0.915986 0.900717 0.971972 1.3906 1.5568 0.7812 -2.15055 -2.15755 -2.06934
0.44 0.929632 0.916096 0.979264 1.3384 1.51884 0.6768 -2.14132 -2.14847 -2.05958
0.45 0.94275 0.931091 0.9855 1.285 1.48 0.57 -2.13196 -2.13923 -2.04976
0.46 0.955328 0.945693 0.990656 1.2304 1.44029 0.4608 -2.12247 -2.12985 -2.03987
0.47 0.967354 0.959894 0.994708 1.1746 1.39971 0.3492 -2.11286 -2.12032 -2.02995
0.48 0.978816 0.973684 0.997632 1.1176 1.35825 0.2352 -2.10313 -2.11065 -2.01998
0.49 0.989702 0.987056 0.999404 1.0594 1.31593 0.1188 -2.09328 -2.10084 -2.01
0.5 1 1 1 1 1.27273 1.03029e-13 -2.08333 -2.09091 -2
0.51 1.0098 1.01251 1 0.9603 1.22936 0 -2.07328 -2.08085 -1.99
0.52 1.01921 1.02459 1 0.9212 1.18655 0 -2.06314 -2.07066 -1.98
0.53 1.02823 1.03624 1 0.8827 1.14427 0 -2.0529 -2.06036 -1.97
0.54 1.03686 1.04748 1 0.8448 1.10255 0 -2.04258 -2.04994 -1.96
0.55 1.04512 1.0583 1 0.8075 1.06136 0 -2.03217 -2.03941 -1.95
0.56 1.05302 1.06871 1 0.7708 1.02073 0 -2.02167 -2.02877 -1.94
0.57 1.06054 1.07871 1 0.7347 0.980636 0 -2.01111 -2.01803 -1.93
0.58 1.06771 1.08832 1 0.6992 0.941091 0 -2.00046 -2.0072 -1.92
0.59 1.07453 1.09754 1 0.6643 0.902091 0 -1.98975 -1.99627 -1.91
0.6 1.081 1.10636 1 0.63 0.863636 0 -1.97898 -1.98525 -1.9
0.61 1.08713 1.11481 1 0.5963 0.825727 0 -1.96813 -1.97414 -1.89
0.62 1.09293 1.12288 1 0.5632 0.788364 0 -1.95723 -1.96296 -1.88
0.63 1.0984 1.13058 1 0.5307 0.751545 0 -1.94628 -1.95169 -1.87
0.64 1.10354 1.13791 1 0.4988 0.715273 0 -1.93527 -1.94034 -1.86
0.65 1.10837 1.14489 1 0.4675 0.679545 0 -1.92421 -1.92893 -1.85
0.66 1.1129 1.15151 1 0.4368 0.644364 0 -1.9131 -1.91745 -1.84
0.67 1.11711 1.15778 1 0.4067 0.609727 0 -1.90195 -1.9059 -1.83
0.68 1.12103 1.1637 1 0.3772 0.575636 0 -1.89076 -1.89429 -1.82
0.69 1.12466 1.16929 1 0.3483 0.542091 0 -1.87953 -1.88263 -1.81
0.7 1.128 1.17455 1 0.32 0.509091 0 -1.86827 -1.87091 -1.8
0.71 1.13106 1.17947 1 0.2923 0.476636 0 -1.85697 -1.85914 -1.79
0.72 1.13385 1.18408 1 0.2652 0.444727 0 -1.84565 -1.84732 -1.78
0.73 1.13637 1.18837 1 0.2387 0.413364 0 -1.8343 -1.83546 -1.77
0.74 1.13862 1.19235 1 0.2128 0.382545 0 -1.82292 -1.82355 -1.76
0.75 1.14062 1.19602 1 0.1875 0.352273 0 -1.81152 -1.81161 -1.75
0.76 1.14238 1.1994 1 0.1628 0.322545 0 -1.80011 -1.79963 -1.74
0.77 1.14388 1.20248 1 0.1387 0.293364 0 -1.78868 -1.78763 -1.73
0.78 1.14515 1.20527 1 0.1152 0.264727 0 -1.77723 -1.77559 -1.72
0.79 1.14619 1.20777 1 0.0923 0.236636 0 -1.76577 -1.76352 -1.71
0.8 1.147 1.21 1 0.07 0.209091 0 -1.75431 -1.75143 -1.7
0.81 1.14759 1.21196 1 0.0483 0.182091 0 -1.74284 -1.73932 -1.69
0.82 1.14797 1.21364 1 0.0272 0.155636 0 -1.73136 -1.72719 -1.68
0.83 1.14814 1.21507 1 0.0067 0.129727 0 -1.71988 -1.71505 -1.67
0.84 1.1481 1.21624 1 -0.0132 0.104364 0 -1.7084 -1.70289 -1.66
0.85 1.14788 1.21716 1 -0.0325 0.0795455 0 -1.69692 -1.69073 -1.65
0.86 1.14746 1.21783 1 -0.0512 0.0552727 0 -1.68544 -1.67855 -1.64
0.87 1.14685 1.21827 1 -0.0693 0.0315455 0 -1.67397 -1.66637 -1.63
0.88 1.14607 1.21847 1 -0.0868 0.00836364 0 -1.6625 -1.65419 -1.62
0.89 1.14512 1.21844 1 -0.1037 -0.0142727 0 -1.65105 -1.642 -1.61
0.9 1.144 1.21818 1 -0.12 -0.0363636 0 -1.6396 -1.62982 -1.6
0.91 1.14272 1.21771 1 -0.1357 -0.0579091 0 -1.62817 -1.61764 -1.59
0.92 1.14129 1.21703 1 -0.1508 -0.0789091 0 -1.61675 -1.60546 -1.58
0.93 1.13971 1.21613 1 -0.1653 -0.0993636 0 -1.60534 -1.5933 -1.57
0.94 1.13798 1.21504 1 -0.1792 -0.119273 0 -1.59395 -1.58114 -1.56
0.95 1.13613 1.21375 1 -0.1925 -0.138636 0 -1.58258 -1.569 -1.55
0.96 1.13414 1.21227 1 -0.2052 -0.157455 0 -1.57123 -1.55687 -1.54
0.97 1.13202 1.2106 1 -0.2173 -0.175727 0 -1.5599 -1.54475 -1.53
0.98 1.12979 1.20876 1 -0.2288 -0.193455 0 -1.54859 -1.53266 -1.52
0.99 1.12745 1.20674 1 -0.2397 -0.210636 0 -1.5373 -1.52058 -1.51
1 1.125 1.20455 1 -0.25 -0.227273 0 -1.52604 -1.50852 -1.5
1.01 1.12245 1.20219 1 -0.2597 -0.243364 0 -1.5148 -1.49649 -1.49
1.02 1.11981 1.19968 1 -0.2688 -0.258909 0 -1.50359 -1.48448 -1.48
1.03 1.11708 1.19702 1 -0.2773 -0.273909 0 -1.49241 -1.4725 -1.47
1.04 1.11426 1.1942 1 -0.2852 -0.288364 0 -1.48125 -1.46054 -1.46
1.05 1.11138 1.19125 1 -0.2925 -0.302273 0 -1.47012 -1.44861 -1.45
1.06 1.10842 1.18816 1 -0.2992 -0.315636 0 -1.45902 -1.43672 -1.44
1.07 1.10539 1.18494 1 -0.3053 -0.328455 0 -1.44796 -1.42485 -1.43
1.08 1.10231 1.18159 1 -0.3108 -0.340727 0 -1.43692 -1.41302 -1.42
1.09 1.09918 1.17813 1 -0.3157 -0.352455 0 -1.42591 -1.40122 -1.41
1.1 1.096 1.17455 1 -0.32 -0.363636 0 -1.41493 -1.38945 -1.4
1.11 1.09278 1.17086 1 -0.3237 -0.374273 0 -1.40399 -1.37773 -1.39
1.12 1.08953 1.16706 1 -0.3268 -0.384364 0 -1.39308 -1.36604 -1.38
1.13 1.08625 1.16317 1 -0.3293 -0.393909 0 -1.3822 -1.35439 -1.37
1.14 1.08294 1.15919 1 -0.3312 -0.402909 0 -1.37135 -1.34277 -1.36
1.15 1.07963 1.15511 1 -0.3325 -0.411364 0 -1.36054 -1.3312 -1.35
1.16 1.0763 1.15096 1 -0.3332 -0.419273 0 -1.34976 -1.31967 -1.34
1.17 1.07296 1.14673 1 -0.3333 -0.426636 0 -1.33901 -1.30818 -1.33
1.18 1.06963 1.14243 1 -0.3328 -0.433455 0 -1.3283 -1.29674 -1.32
1.19 1.06631 1.13806 1 -0.3317 -0.439727 0 -1.31762 -1.28534 -1.31
1.2 1.063 1.13364 1 -0.33 -0.445455 0 -1.30698 -1.27398 -1.3
1.21 1.05971 1.12916 1 -0.3277 -0.450636 0 -1.29636 -1.26266 -1.29
1.22 1.05645 1.12463 1 -0.3248 -0.455273 0 -1.28578 -1.25139 -1.28
1.23 1.05322 1.12005 1 -0.3213 -0.459364 0 -1.27523 -1.24017 -1.27
1.24 1.05002 1.11544 1 -0.3172 -0.462909 0 -1.26472 -1.22899 -1.26
1.25 1.04688 1.1108 1 -0.3125 -0.465909 0 -1.25423 -1.21786 -1.25
1.26 1.04378 1.10612 1 -0.3072 -0.468364 0 -1.24378 -1.20678 -1.24
1.27 1.04073 1.10143 1 -0.3013 -0.470273 0 -1.23336 -1.19574 -1.23
1.28 1.03775 1.09672 1 -0.2948 -0.471636 0 -1.22296 -1.18475 -1.22
1.29 1.03484 1.092 1 -0.2877 -0.472455 0 -1.2126 -1.17381 -1.21
1.3 1.032 1.08727 1 -0.28 -0.472727 0 -1.20227 -1.16291 -1.2
1.31 1.02924 1.08255 1 -0.2717 -0.472455 0 -1.19196 -1.15206 -1.19
1.32 1.02657 1.07783 1 -0.2628 -0.471636 0 -1.18168 -1.14126 -1.18
1.33 1.02399 1.07312 1 -0.2533 -0.470273 0 -1.17143 -1.1305 -1.17
1.34 1.0215 1.06842 1 -0.2432 -0.468364 0 -1.1612 -1.1198 -1.16
1.35 1.01913 1.06375 1 -0.2325 -0.465909 0 -1.151 -1.10913 -1.15
1.36 1.01686 1.05911 1 -0.2212 -0.462909 0 -1.14082 -1.09852 -1.14
1.37 1.0147 1.05449 1 -0.2093 -0.459364 0 -1.13066 -1.08795 -1.13
1.38 1.01267 1.04992 1 -0.1968 -0.455273 0 -1.12052 -1.07743 -1.12
1.39 1.01077 1.04539 1 -0.1837 -0.450636 0 -1.11041 -1.06695 -1.11
1.4 1.009 1.04091 1 -0.17 -0.445455 0 -1.10031 -1.05652 -1.1
1.41 1.00737 1.03648 1 -0.1557 -0.439727 0 -1.09023 -1.04614 -1.09
1.42 1.00589 1.03212 1 -0.1408 -0.433455 0 -1.08016 -1.03579 -1.08
1.43 1.00456 1.02782 1 -0.1253 -0.426636 0 -1.07011 -1.02549 -1.07
1.44 1.00338 1.02359 1 -0.1092 -0.419273 0 -1.06007 -1.01524 -1.06
1.45 1.00238 1.01943 1 -0.0925 -0.411364 0 -1.05004 -1.00502 -1.05
1.46 1.00154 1.01536 1 -0.0752 -0.402909 0 -1.04002 -0.994847 -1.04
1.47 1.00087 1.01138 1 -0.0573 -0.393909 0 -1.03001 -0.984714 -1.03
1.48 1.00039 1.00748 1 -0.0388 -0.384364 0 -1.02 -0.97462 -1.02
1.49 1.0001 1.00369 1 -0.0197 -0.374273 0 -1.01 -0.964564 -1.01
1.5 1 1 1 -1.59872e-14 -0.363636 0 -1 -0.954545 -1
1.51 1 0.996418 1 0 -0.352782 0 -0.99 -0.944563 -0.99
1.52 1 0.992944 1 0 -0.342036 0 -0.98 -0.934617 -0.98
1.53 1 0.989577 1 0 -0.3314 0 -0.97 -0.924704 -0.97
1.54 1 0.986316 1 0 -0.320873 0 -0.96 -0.914825 -0.96
1.55 1 0.983159 1 0 -0.310455 0 -0.95 -0.904978 -0.95
1.56 1 0.980106 1 0 -0.300145 0 -0.94 -0.895161 -0.94
1.57 1 0.977156 1 0 -0.289945 0 -0.93 -0.885375 -0.93
1.58 1 0.974307 1 0 -0.279855 0 -0.92 -0.875618 -0.92
1.59 1 0.971558 1 0 -0.269873 0 -0.91 -0.865889 -0.91
1.6 1 0.968909 1 0 -0.26 0 -0.9 -0.856186 -0.9
1.61 1 0.966358 1 0 -0.250236 0 -0.89 -0.84651 -0.89
1.62 1 0.963904 1 0 -0.240582 0 -0.88 -0.836859 -0.88
1.63 1 0.961546 1 0 -0.231036 0 -0.87 -0.827232 -0.87
1.64 1 0.959283 1 0 -0.2216 0 -0.86 -0.817628 -0.86
1.65 1 0.957114 1 0 -0.212273 0 -0.85 -0.808046 -0.85
1.66 1 0.955037 1 0 -0.203055 0 -0.84 -0.798485 -0.84
1.67 1 0.953052 1 0 -0.193945 0 -0.83 -0.788945 -0.83
1.68 1 0.951158 1 0 -0.184945 0 -0.82 -0.779424 -0.82
1.69 1 0.949353 1 0 -0.176055 0 -0.81 -0.769921 -0.81
1.7 1 0.947636 1 0 -0.167273 0 -0.8 -0.760436 -0.8
1.71 1 0.946007 1 0 -0.1586 0 -0.79 -0.750968 -0.79
1.72 1 0.944464 1 0 -0.150036 0 -0.78 -0.741516 -0.78
1.73 1 0.943006 1 0 -0.141582 0 -0.77 -0.732079 -0.77
1.74 1 0.941632 1 0 -0.133236 0 -0.76 -0.722656 -0.76
1.75 1 0.940341 1 0 -0.125 0 -0.75 -0.713246 -0.75
1.76 1 0.939132 1 0 -0.116873 0 -0.74 -0.703848 -0.74
1.77 1 0.938003 1 0 -0.108855 0 -0.73 -0.694463 -0.73
1.78 1 0.936954 1 0 -0.100945 0 -0.72 -0.685088 -0.72
1.79 1 0.935984 1 0 -0.0931455 0 -0.71 -0.675723 -0.71
1.8 1 0.935091 1 0 -0.0854545 0 -0.7 -0.666368 -0.7
1.81 1 0.934274 1 0 -0.0778727 0 -0.69 -0.657021 -0.69
1.82 1 0.933533 1 0 -0.0704 0 -0.68 -0.647682 -0.68
1.83 1 0.932866 1 0 -0.0630364 0 -0.67 -0.638351 -0.67
1.84 1 0.932272 1 0 -0.0557818 0 -0.66 -0.629025 -0.66
1.85 1 0.93175 1 0 -0.0486364 0 -0.65 -0.619705 -0.65
1.86 1 0.931299 1 0 -0.0416 0 -0.64 -0.61039 -0.64
1.87 1 0.930918 1 0 -0.0346727 0 -0.63 -0.601079 -0.63
1.88 1 0.930605 1 0 -0.0278545 0 -0.62 -0.591771 -0.62
1.89 1 0.93036 1 0 -0.0211455 0 -0.61 -0.582466 -0.61
1.9 1 0.930182 1 0 -0.0145455 0 -0.6 -0.573164 -0.6
1.91 1 0.930069 1 0 -0.00805455 0 -0.59 -0.563862 -0.59
1.92 1 0.93002 1 0 -0.00167273 0 -0.58 -0.554562 -0.58
1.93 1 0.930035 1 0 0.0046 0 -0.57 -0.545262 -0.57
1.94 1 0.930112 1 0 0.0107636 0 -0.56 -0.535961 -0.56
1.95 1 0.93025 1 0 0.0168182 0 -0.55 -0.526659 -0.55
1.96 1 0.930448 1 0 0.0227636 0 -0.54 -0.517356 -0.54
1.97 1 0.930705 1 0 0.0286 0 -0.53 -0.50805 -0.53
1.98 1 0.93102 1 0 0.0343273 0 -0.52 -0.498742 -0.52
1.99 1 0.931391 1 0 0.0399455 0 -0.51 -0.48943 -0.51
2 1 0.931818 1 0 0.0454545 0 -0.5 -0.480114 -0.5
2.01 1 0.9323 1 0 0.0508545 0 -0.49 -0.470793 -0.49
2.02 1 0.932835 1 0 0.0561455 0 -0.48 -0.461467 -0.48
2.03 1 0.933422 1 0 0.0613273 0 -0.47 -0.452136 -0.47
2.04 1 0.934061 1 0 0.0664 0 -0.46 -0.442799 -0.46
2.05 1 0.93475 1 0 0.0713636 0 -0.45 -0.433455 -0.45
2.06 1 0.935488 1 0 0.0762182 0 -0.44 -0.424104 -0.44
2.07 1 0.936274 1 0 0.0809636 0 -0.43 -0.414745 -0.43
2.08 1 0.937107 1 0 0.0856 0 -0.42 -0.405378 -0.42
2.09 1 0.937986 1 0 0.0901273 0 -0.41 -0.396003 -0.41
2.1 1 0.938909 1 0 0.0945455 0 -0.4 -0.386618 -0.4
2.11 1 0.939876 1 0 0.0988545 0 -0.39 -0.377224 -0.39
2.12 1 0.940886 1 0 0.103055 0 -0.38 -0.367821 -0.38
2.13 1 0.941937 1 0 0.107145 0 -0.37 -0.358406 -0.37
2.14 1 0.943028 1 0 0.111127 0 -0.36 -0.348982 -0.36
2.15 1 0.944159 1 0 0.115 0 -0.35 -0.339546 -0.35
2.16 1 0.945328 1 0 0.118764 0 -0.34 -0.330098 -0.34
2.17 1 0.946534 1 0 0.122418 0 -0.33 -0.320639 -0.33
2.18 1 0.947776 1 0 0.125964 0 -0.32 -0.311168 -0.32
2.19 1 0.949053 1 0 0.1294 0 -0.31 -0.301683 -0.31
2.2 1 0.950364 1 0 0.132727 0 -0.3 -0.292186 -0.3
2.21 1 0.951707 1 0 0.135945 0 -0.29 -0.282676 -0.29
2.22 1 0.953082 1 0 0.139055 0 -0.28 -0.273152 -0.28
2.23 1 0.954488 1 0 0.142055 0 -0.27 -0.263614 -0.27
2.24 1 0.955923 1 0 0.144945 0 -0.26 -0.254062 -0.26
2.25 1 0.957386 1 0 0.147727 0 -0.25 -0.244496 -0.25
2.26 1 0.958877 1 0 0.1504 0 -0.24 -0.234914 -0.24
2.27 1 0.960394 1 0 0.152964 0 -0.23 -0.225318 -0.23
2.28 1 0.961936 1 0 0.155418 0 -0.22 -0.215706 -0.22
2.29 1 0.963502 1 0 0.157764 0 -0.21 -0.206079 -0.21
2.3 1 0.965091 1 0 0.16 0 -0.2 -0.196436 -0.2
2.31 1 0.966702 1 0 0.162127 0 -0.19 -0.186777 -0.19
2.32 1 0.968333 1 0 0.164145 0 -0.18 -0.177102 -0.18
2.33 1 0.969984 1 0 0.166055 0 -0.17 -0.167411 -0.17
2.34 1 0.971654 1 0 0.167855 0 -0.16 -0.157703 -0.16
2.35 1 0.973341 1 0 0.169545 0 -0.15 -0.147978 -0.15
2.36 1 0.975044 1 0 0.171127 0 -0.14 -0.138236 -0.14
2.37 1 0.976763 1 0 0.1726 0 -0.13 -0.128477 -0.13
2.38 1 0.978496 1 0 0.173964 0 -0.12 -0.1187 -0.12
2.39 1 0.980242 1 0 0.175218 0 -0.11 -0.108907 -0.11
2.4 1 0.982 1 0 0.176364 0 -0.1 -0.0990955 -0.1
2.41 1 0.983769 1 0 0.1774 0 -0.09 -0.0892666 -0.09
2.42 1 0.985548 1 0 0.178327 0 -0.08 -0.07942 -0.08
2.43 1 0.987335 1 0 0.179145 0 -0.07 -0.0695556 -0.07
2.44 1 0.98913 1 0 0.179855 0 -0.06 -0.0596733 -0.06
2.45 1 0.990932 1 0 0.180455 0 -0.05 -0.049773 -0.05
2.46 1 0.992739 1 0 0.180945 0 -0.04 -0.0398547 -0.04
2.47 1 0.99455 1 0 0.181327 0 -0.03 -0.0299182 -0.03
2.48 1 0.996365 1 0 0.1816 0 -0.02 -0.0199636 -0.02
2.49 1 0.998182 1 0 0.181764 0 -0.01 -0.00999091 -0.01
2.5 1 1 1 0 0.181818 0 -1.79856e-14 -1.80966e-14 -1.82077e-14


