0 0
1 0
2 0
3 0
3.5 1
4.5 1
5.5 1
6.5 1


0 0 0 0 0 -0.0597015 0 0 0 0
0.01 0 -0.000596955 0 0 -0.0596836 0 0 -2.98493e-06 0
0.02 0 -0.00119355 0 0 -0.0596299 0 0 -1.19379e-05 0
0.03 0 -0.00178943 0 0 -0.0595403 0 0 -2.68536e-05 0
0.04 0 -0.00238424 0 0 -0.0594149 0 0 -4.7723e-05 0
0.05 0 -0.00297761 0 0 -0.0592537 0 0 -7.45336e-05 0
0.06 0 -0.00356919 0 0 -0.0590567 0 0 -0.000107269 0
0.07 0 -0.00415863 0 0 -0.0588239 0 0 -0.00014591 0
0.08 0 -0.00474555 0 0 -0.0585552 0 0 -0.000190433 0
0.09 0 -0.00532961 0 0 -0.0582507 0 0 -0.000240812 0
0.1 0 -0.00591045 0 0 -0.0579104 0 0 -0.000297015 0
0.11 0 -0.0064877 0 0 -0.0575343 0 0 -0.000359009 0
0.12 0 -0.00706101 0 0 -0.0571224 0 0 -0.000426756 0
0.13 0 -0.00763003 0 0 -0.0566746 0 0 -0.000500215 0
0.14 0 -0.00819439 0 0 -0.056191 0 0 -0.000579341 0
0.15 0 -0.00875373 0 0 -0.0556716 0 0 -0.000664086 0
0.16 0 -0.0093077 0 0 -0.0551164 0 0 -0.000754398 0
0.17 0 -0.00985594 0 0 -0.0545254 0 0 -0.000850221 0
0.18 0 -0.0103981 0 0 -0.0538985 0 0 -0.000951496 0
0.19 0 -0.0109338 0 0 -0.0532358 0 0 -0.00105816 0
0.2 0 -0.0114627 0 0 -0.0525373 0 0 -0.00117015 0
0.21 0 -0.0119844 0 0 -0.051803 0 0 -0.00128739 0
0.22 0 -0.0124986 0 0 -0.0510328 0 0 -0.00140981 0
0.23 0 -0.013005 0 0 -0.0502269 0 0 -0.00153734 0
0.24 0 -0.013503 0 0 -0.0493851 0 0 -0.00166988 0
0.25 0 -0.0139925 0 0 -0.0485075 0 0 -0.00180737 0
0.26 0 -0.0144731 0 0 -0.047594 0 0 -0.00194971 0
0.27 0 -0.0149443 0 0 -0.0466448 0 0 -0.0020968 0
0.28 0 -0.0154059 0 0 -0.0456597 0 0 -0.00224856 0
0.29 0 -0.0158574 0 0 -0.0446388 0 0 -0.00240488 0
0.3 0 -0.0162985 0 0 -0.0435821 0 0 -0.00256567 0
0.31 0 -0.0167289 0 0 -0.0424896 0 0 -0.00273082 0
0.32 0 -0.0171482 0 0 -0.0413612 0 0 -0.00290021 0
0.33 0 -0.017556 0 0 -0.040197 0 0 -0.00307374 0
0.34 0 -0.017952 0 0 -0.038997 0 0 -0.00325129 0
0.35 0 -0.0183358 0 0 -0.0377612 0 0 -0.00343274 0
0.36 0 -0.0187071 0 0 -0.0364896 0 0 -0.00361797 0
0.37 0 -0.0190655 0 0 -0.0351821 0 0 -0.00380684 0
0.38 0 -0.0194106 0 0 -0.0338388 0 0 -0.00399923 0
0.39 0 -0.0197421 0 0 -0.0324597 0 0 -0.00419501 0
0.4 0 -0.0200597 0 0 -0.0310448 0 0 -0.00439403 0
0.41 0 -0.0203629 0 0 -0.029594 0 0 -0.00459616 0
0.42 0 -0.0206515 0 0 -0.0281075 0 0 -0.00480124 0
0.43 0 -0.020925 0 0 -0.0265851 0 0 -0.00500913 0
0.44 0 -0.021183 0 0 -0.0250269 0 0 -0.00521969 0
0.45 0 -0.0214254 0 0 -0.0234328 0 0 -0.00543274 0
0.46 0 -0.0216516 0 0 -0.021803 0 0 -0.00564814 0
0.47 0 -0.0218613 0 0 -0.0201373 0 0 -0.00586572 0
0.48 0 -0.0220542 0 0 -0.0184358 0 0 -0.00608531 0
0.49 0 -0.0222299 0 0 -0.0166985 0 0 -0.00630675 0
0.5 0 -0.0223881 0 0 -0.0149254 0 0 -0.00652985 0
0.51 0 -0.0225283 0 0 -0.0131164 0 0 -0.00675445 0
0.52 0 -0.0226503 0 0 -0.0112716 0 0 -0.00698036 0
0.53 0 -0.0227536 0 0 -0.00939104 0 0 -0.00720739 0
0.54 0 -0.022838 0 0 -0.00747463 0 0 -0.00743536 0
0.55 0 -0.022903 0 0 -0.00552239 0 0 -0.00766409 0
0.56 0 -0.0229483 0 0 -0.00353433 0 0 -0.00789336 0
0.57 0 -0.0229736 0 0 -0.00151045 0 0 -0.00812298 0
0.58 0 -0.0229784 0 0 0.000549254 0 0 -0.00835276 0
0.59 0 -0.0229624 0 0 0.00264478 0 0 -0.00858248 0
0.6 0 -0.0229254 0 0 0.00477612 0 0 -0.00881194 0
0.61 0 -0.0228668 0 0 0.00694328 0 0 -0.00904092 0
0.62 0 -0.0227864 0 0 0.00914627 0 0 -0.0092692 0
0.63 0 -0.0226838 0 0 0.0113851 0 0 -0.00949657 0
0.64 0 -0.0225586 0 0 0.0136597 0 0 -0.0097228 0
0.65 0 -0.0224104 0 0 0.0159701 0 0 -0.00994767 0
0.66 0 -0.022239 0 0 0.0183164 0 0 -0.0101709 0
0.67 0 -0.022044 0 0 0.0206985 0 0 -0.0103924 0
0.68 0 -0.021825 0 0 0.0231164 0 0 -0.0106117 0
0.69 0 -0.0215816 0 0 0.0255701 0 0 -0.0108288 0
0.7 0 -0.0213134 0 0 0.0280597 0 0 -0.0110433 0
0.71 0 -0.0210202 0 0 0.0305851 0 0 -0.011255 0
0.72 0 -0.0207016 0 0 0.0331463 0 0 -0.0114636 0
0.73 0 -0.0203572 0 0 0.0357433 0 0 -0.0116689 0
0.74 0 -0.0199866 0 0 0.0383761 0 0 -0.0118707 0
0.75 0 -0.0195896 0 0 0.0410448 0 0 -0.0120686 0
0.76 0 -0.0191656 0 0 0.0437493 0 0 -0.0122624 0
0.77 0 -0.0187144 0 0 0.0464896 0 0 -0.0124518 0
0.78 0 -0.0182357 0 0 0.0492657 0 0 -0.0126366 0
0.79 0 -0.017729 0 0 0.0520776 0 0 -0.0128164 0
0.8 0 -0.017194 0 0 0.0549254 0 0 -0.012991 0
0.81 0 -0.0166304 0 0 0.057809 0 0 -0.0131602 0
0.82 0 -0.0160377 0 0 0.0607284 0 0 -0.0133236 0
0.83 0 -0.0154157 0 0 0.0636836 0 0 -0.0134808 0
0.84 0 -0.0147639 0 0 0.0666746 0 0 -0.0136318 0
0.85 0 -0.0140821 0 0 0.0697015 0 0 -0.013776 0
0.86 0 -0.0133698 0 0 0.0727642 0 0 -0.0139133 0
0.87 0 -0.0126267 0 0 0.0758627 0 0 -0.0140433 0
0.88 0 -0.0118524 0 0 0.078997 0 0 -0.0141657 0
0.89 0 -0.0110466 0 0 0.0821672 0 0 -0.0142803 0
0.9 0 -0.010209 0 0 0.0853731 0 0 -0.0143866 0
0.91 0 -0.00933904 0 0 0.0886149 0 0 -0.0144843 0
0.92 0 -0.00843654 0 0 0.0918925 0 0 -0.0145732 0
0.93 0 -0.00750107 0 0 0.095206 0 0 -0.014653 0
0.94 0 -0.0065323 0 0 0.0985552 0 0 -0.0147231 0
0.95 0 -0.00552985 0 0 0.10194 0 0 -0.0147835 0
0.96 0 -0.00449337 0 0 0.105361 0 0 -0.0148336 0
0.97 0 -0.00342251 0 0 0.108818 0 0 -0.0148732 0
0.98 0 -0.0023169 0 0 0.11231 0 0 -0.014902 0
0.99 0 -0.00117618 0 0 0.115839 0 0 -0.0149195 0
1 0 7.95384e-17 0 0 0.119403 0 0 -0.0149254 0
1.01 0 0.00121164 0 0 0.122896 0 0 -0.0149193 0
1.02 0 0.00245731 0 0 0.126209 0 0 -0.014901 0
1.03 0 0.00373522 0 0 0.129343 0 0 -0.0148701 0
1.04 0 0.00504358 0 0 0.132299 0 0 -0.0148262 0
1.05 0 0.0063806 0 0 0.135075 0 0 -0.0147691 0
1.06 0 0.00774448 0 0 0.137672 0 0 -0.0146985 0
1.07 0 0.00913343 0 0 0.14009 0 0 -0.0146141 0
1.08 0 0.0105457 0 0 0.142328 0 0 -0.0145158 0
1.09 0 0.0119794 0 0 0.144388 0 0 -0.0144032 0
1.1 0 0.0134328 0 0 0.146269 0 0 -0.0142761 0
1.11 0 0.0149042 0 0 0.14797 0 0 -0.0141344 0
1.12 0 0.0163916 0 0 0.149493 0 0 -0.013978 0
1.13 0 0.0178934 0 0 0.150836 0 0 -0.0138066 0
1.14 0 0.0194078 0 0 0.152 0 0 -0.0136201 0
1.15 0 0.0209328 0 0 0.152985 0 0 -0.0134184 0
1.16 0 0.0224669 0 0 0.153791 0 0 -0.0132014 0
1.17 0 0.0240081 0 0 0.154418 0 0 -0.012969 0
1.18 0 0.0255546 0 0 0.154866 0 0 -0.0127212 0
1.19 0 0.0271048 0 0 0.155134 0 0 -0.0124579 0
1.2 0 0.0286567 0 0 0.155224 0 0 -0.0121791 0
1.21 0 0.0302087 0 0 0.155134 0 0 -0.0118848 0
1.22 0 0.0317588 0 0 0.154866 0 0 -0.0115749 0
1.23 0 0.0333054 0 0 0.154418 0 0 -0.0112496 0
1.24 0 0.0348466 0 0 0.153791 0 0 -0.0109088 0
1.25 0 0.0363806 0 0 0.152985 0 0 -0.0105527 0
1.26 0 0.0379057 0 0 0.152 0 0 -0.0101813 0
1.27 0 0.03942 0 0 0.150836 0 0 -0.00979463 0
1.28 0 0.0409218 0 0 0.149493 0 0 -0.00939291 0
1.29 0 0.0424093 0 0 0.14797 0 0 -0.00897624 0
1.3 0 0.0438806 0 0 0.146269 0 0 -0.00854478 0
1.31 0 0.045334 0 0 0.144388 0 0 -0.00809869 0
1.32 0 0.0467678 0 0 0.142328 0 0 -0.00763816 0
1.33 0 0.04818 0 0 0.14009 0 0 -0.0071634 0
1.34 0 0.049569 0 0 0.137672 0 0 -0.00667464 0
1.35 0 0.0509328 0 0 0.135075 0 0 -0.00617211 0
1.36 0 0.0522699 0 0 0.132299 0 0 -0.00565607 0
1.37 0 0.0535782 0 0 0.129343 0 0 -0.00512681 0
1.38 0 0.0548561 0 0 0.126209 0 0 -0.00458461 0
1.39 0 0.0561018 0 0 0.122896 0 0 -0.00402979 0
1.4 0 0.0573134 0 0 0.119403 0 0 -0.00346269 0
1.41 0 0.0584893 0 0 0.115731 0 0 -0.00288364 0
1.42 0 0.0596275 0 0 0.111881 0 0 -0.00229303 0
1.43 0 0.0607263 0 0 0.107851 0 0 -0.00169122 0
1.44 0 0.0617839 0 0 0.103642 0 0 -0.00107864 0
1.45 0 0.0627985 0 0 0.0992537 0 0 -0.00045569 0
1.46 0 0.0637684 0 0 0.0946866 0 0 0.000177182 0
1.47 0 0.0646916 0 0 0.0899403 0 0 0.000819522 0
1.48 0 0.0655666 0 0 0.0850149 0 0 0.00147085 0
1.49 0 0.0663913 0 0 0.0799104 0 0 0.00213069 0
1.5 0 0.0671642 0 0 0.0746269 0 0 0.00279851 0
1.51 0 0.0678833 0 0 0.0691642 0 0 0.00347379 0
1.52 0 0.0685469 0 0 0.0635224 0 0 0.00415599 0
1.53 0 0.0691531 0 0 0.0577015 0 0 0.00484454 0
1.54 0 0.0697003 0 0 0.0517015 0 0 0.00553885 0
1.55 0 0.0701866 0 0 0.0455224 0 0 0.00623834 0
1.56 0 0.0706101 0 0 0.0391642 0 0 0.00694238 0
1.57 0 0.0709693 0 0 0.0326269 0 0 0.00765033 0
1.58 0 0.0712621 0 0 0.0259104 0 0 0.00836154 0
1.59 0 0.0714869 0 0 0.0190149 0 0 0.00907534 0
1.6 0 0.0716418 0 0 0.0119403 0 0 0.00979104 0
1.61 0 0.0717251 0 0 0.00468657 0 0 0.0105079 0
1.62 0 0.0717349 0 0 -0.00274627 0 0 0.0112253 0
1.63 0 0.0716696 0 0 -0.0103582 0 0 0.0119424 0
1.64 0 0.0715272 0 0 -0.0181493 0 0 0.0126584 0
1.65 0 0.071306 0 0 -0.0261194 0 0 0.0133727 0
1.66 0 0.0710042 0 0 -0.0342687 0 0 0.0140843 0
1.67 0 0.07062 0 0 -0.042597 0 0 0.0147925 0
1.68 0 0.0701516 0 0 -0.0511045 0 0 0.0154964 0
1.69 0 0.0695973 0 0 -0.059791 0 0 0.0161952 0
1.7 0 0.0689552 0 0 -0.0686567 0 0 0.0168881 0
1.71 0 0.0682236 0 0 -0.0777015 0 0 0.017574 0
1.72 0 0.0674006 0 0 -0.0869254 0 0 0.0182522 0
1.73 0 0.0664845 0 0 -0.0963284 0 0 0.0189217 0
1.74 0 0.0654734 0 0 -0.10591 0 0 0.0195816 0
1.75 0 0.0643657 0 0 -0.115672 0 0 0.0202309 0
1.76 0 0.0631594 0 0 -0.125612 0 0 0.0208686 0
1.77 0 0.0618528 0 0 -0.135731 0 0 0.0214937 0
1.78 0 0.0604442 0 0 -0.14603 0 0 0.0221053 0
1.79 0 0.0589316 0 0 -0.156507 0 0 0.0227023 0
1.8 0 0.0573134 0 0 -0.167164 0 0 0.0232836 0
1.81 0 0.0555878 0 0 -0.178 0 0 0.0238482 0
1.82 0 0.0537528 0 0 -0.189015 0 0 0.024395 0
1.83 0 0.0518069 0 0 -0.200209 0 0 0.0249229 0
1.84 0 0.0497481 0 0 -0.211582 0 0 0.0254307 0
1.85 0 0.0475746 0 0 -0.223134 0 0 0.0259174 0
1.86 0 0.0452848 0 0 -0.234866 0 0 0.0263818 0
1.87 0 0.0428767 0 0 -0.246776 0 0 0.0268227 0
1.88 0 0.0403487 0 0 -0.258866 0 0 0.027239 0
1.89 0 0.0376988 0 0 -0.271134 0 0 0.0276293 0
1.9 0 0.0349254 0 0 -0.283582 0 0 0.0279925 0
1.91 0 0.0320266 0 0 -0.296209 0 0 0.0283274 0
1.92 0 0.0290006 0 0 -0.309015 0 0 0.0286326 0
1.93 0 0.0258457 0 0 -0.322 0 0 0.028907 0
1.94 0 0.02256 0 0 -0.335164 0 0 0.0291491 0
1.95 0 0.0191418 0 0 -0.348507 0 0 0.0293577 0
1.96 0 0.0155893 0 0 -0.36203 0 0 0.0295315 0
1.97 0 0.0119006 0 0 -0.375731 0 0 0.0296691 0
1.98 0 0.00807403 0 0 -0.389612 0 0 0.0297691 0
1.99 0 0.00410776 0 0 -0.403672 0 0 0.0298301 0
2 -2.36658e-30 -5.56769e-16 0 -3.55271e-15 -0.41791 0 -1.05097e-45 0.0298507 0
2.01 -0.000132 -0.00424961 0 -0.0262667 -0.431899 0 -4.41111e-07 0.0298296 0
2.02 -0.000522667 -0.0086357 0 -0.0517333 -0.445206 0 -3.50222e-06 0.0297653 0
2.03 -0.001164 -0.0131515 0 -0.0764 -0.457833 0 -1.173e-05 0.0296565 0
2.04 -0.002048 -0.0177901 0 -0.100267 -0.469779 0 -2.75911e-05 0.0295019 0
2.05 -0.00316667 -0.0225448 0 -0.123333 -0.481045 0 -5.34722e-05 0.0293003 0
2.06 -0.004512 -0.0274087 0 -0.1456 -0.49163 0 -9.168e-05 0.0290506 0
2.07 -0.006076 -0.0323751 0 -0.167067 -0.501534 0 -0.000144441 0.0287518 0
2.08 -0.00785067 -0.0374371 0 -0.187733 -0.510758 0 -0.000213902 0.0284028 0
2.09 -0.009828 -0.042588 0 -0.2076 -0.519301 0 -0.00030213 0.0280027 0
2.1 -0.012 -0.0478209 0 -0.226667 -0.527164 0 -0.000411111 0.0275507 0
2.11 -0.0143587 -0.053129 0 -0.244933 -0.534346 0 -0.000542752 0.0270461 0
2.12 -0.016896 -0.0585056 0 -0.2624 -0.540848 0 -0.00069888 0.0264879 0
2.13 -0.019604 -0.0639437 0 -0.279067 -0.546669 0 -0.000881241 0.0258757 0
2.14 -0.0224747 -0.0694367 0 -0.294933 -0.551809 0 -0.0010915 0.0252089 0
2.15 -0.0255 -0.0749776 0 -0.31 -0.556269 0 -0.00133125 0.0244868 0
2.16 -0.028672 -0.0805598 0 -0.324267 -0.560048 0 -0.00160199 0.0237092 0
2.17 -0.0319827 -0.0861763 0 -0.337733 -0.563146 0 -0.00190515 0.0228755 0
2.18 -0.035424 -0.0918204 0 -0.3504 -0.565564 0 -0.00224208 0.0219856 0
2.19 -0.038988 -0.0974853 0 -0.362267 -0.567301 0 -0.00261404 0.0210391 0
2.2 -0.0426667 -0.103164 0 -0.373333 -0.568358 0 -0.00302222 0.0200358 0
2.21 -0.046452 -0.10885 0 -0.3836 -0.568734 0 -0.00346773 0.0189758 0
2.22 -0.050336 -0.114537 0 -0.393067 -0.56843 0 -0.00395159 0.0178588 0
2.23 -0.0543107 -0.120217 0 -0.401733 -0.567445 0 -0.00447475 0.016685 0
2.24 -0.058368 -0.125883 0 -0.4096 -0.565779 0 -0.00503808 0.0154545 0
2.25 -0.0625 -0.13153 0 -0.416667 -0.563433 0 -0.00564236 0.0141674 0
2.26 -0.0666987 -0.13715 0 -0.422933 -0.560406 0 -0.0062883 0.012824 0
2.27 -0.070956 -0.142736 0 -0.4284 -0.556699 0 -0.00697653 0.0114246 0
2.28 -0.075264 -0.148281 0 -0.433067 -0.55231 0 -0.00770759 0.00996944 0
2.29 -0.0796147 -0.15378 0 -0.436933 -0.547242 0 -0.00848195 0.0084591 0
2.3 -0.084 -0.159224 0 -0.44 -0.541493 0 -0.0093 0.00689403 0
2.31 -0.088412 -0.164607 0 -0.442267 -0.535063 0 -0.010162 0.00527482 0
2.32 -0.0928427 -0.169923 0 -0.443733 -0.527952 0 -0.0110683 0.00360211 0
2.33 -0.097284 -0.175164 0 -0.4444 -0.520161 0 -0.0120189 0.00187661 0
2.34 -0.101728 -0.180324 0 -0.444267 -0.51169 0 -0.013014 9.91021e-05 0
2.35 -0.106167 -0.185396 0 -0.443333 -0.502537 0 -0.0140535 -0.00172957 0
2.36 -0.110592 -0.190372 0 -0.4416 -0.492704 0 -0.0151373 -0.00360849 0
2.37 -0.114996 -0.195247 0 -0.439067 -0.482191 0 -0.0162652 -0.00553668 0
2.38 -0.119371 -0.200014 0 -0.435733 -0.470997 0 -0.0174371 -0.00751308 0
2.39 -0.123708 -0.204665 0 -0.4316 -0.459122 0 -0.0186525 -0.00953657 0
2.4 -0.128 -0.209194 0 -0.426667 -0.446567 0 -0.0199111 -0.011606 0
2.41 -0.132239 -0.213594 0 -0.420933 -0.433331 0 -0.0212124 -0.01372 0
2.42 -0.136416 -0.217858 0 -0.4144 -0.419415 0 -0.0225557 -0.0158774 0
2.43 -0.140524 -0.22198 0 -0.407067 -0.404818 0 -0.0239404 -0.0180767 0
2.44 -0.144555 -0.225952 0 -0.398933 -0.38954 0 -0.0253659 -0.0203165 0
2.45 -0.1485 -0.229769 0 -0.39 -0.373582 0 -0.0268312 -0.0225952 0
2.46 -0.152352 -0.233422 0 -0.380267 -0.356943 0 -0.0283356 -0.0249113 0
2.47 -0.156103 -0.236905 0 -0.369733 -0.339624 0 -0.029878 -0.0272631 0
2.48 -0.159744 -0.240212 0 -0.3584 -0.321624 0 -0.0314573 -0.0296489 0
2.49 -0.163268 -0.243335 0 -0.346267 -0.302943 0 -0.0330724 -0.0320667 0
2.5 -0.166667 -0.246269 0 -0.333333 -0.283582 0 -0.0347222 -0.0345149 0
2.51 -0.169932 -0.249005 0 -0.3196 -0.26354 0 -0.0364053 -0.0369915 0
2.52 -0.173056 -0.251537 0 -0.305067 -0.242818 0 -0.0381204 -0.0394943 0
2.53 -0.176031 -0.253859 0 -0.289733 -0.221415 0 -0.039866 -0.0420215 0
2.54 -0.178848 -0.255963 0 -0.2736 -0.199331 0 -0.0416405 -0.0445708 0
2.55 -0.1815 -0.257843 0 -0.256667 -0.176567 0 -0.0434424 -0.04714 0
2.56 -0.183979 -0.259492 0 -0.238933 -0.153122 0 -0.0452699 -0.0497269 0
2.57 -0.186276 -0.260903 0 -0.2204 -0.128997 0 -0.0471213 -0.0523291 0
2.58 -0.188384 -0.26207 0 -0.201067 -0.104191 0 -0.0489948 -0.0549441 0
2.59 -0.190295 -0.262985 0 -0.180933 -0.0787045 0 -0.0508884 -0.0575696 0
2.6 -0.192 -0.263642 0 -0.16 -0.0525373 0 -0.0528 -0.060203 0
2.61 -0.193492 -0.264033 0 -0.138267 -0.0256896 0 -0.0547276 -0.0628416 0
2.62 -0.194763 -0.264153 0 -0.115733 0.00183881 0 -0.0566691 -0.0654827 0
2.63 -0.195804 -0.263994 0 -0.0924 0.0300478 0 -0.0586221 -0.0681237 0
2.64 -0.196608 -0.26355 0 -0.0682667 0.0589373 0 -0.0605844 -0.0707617 0
2.65 -0.197167 -0.262813 0 -0.0433333 0.0885075 0 -0.0625535 -0.0733937 0
2.66 -0.197472 -0.261778 0 -0.0176 0.118758 0 -0.0645269 -0.076017 0
2.67 -0.197516 -0.260436 0 0.00893333 0.14969 0 -0.066502 -0.0786283 0
2.68 -0.197291 -0.258782 0 0.0362667 0.181301 0 -0.0684763 -0.0812246 0
2.69 -0.196788 -0.256808 0 0.0644 0.213594 0 -0.0704469 -0.0838029 0
2.7 -0.196 -0.254507 0 0.0933333 0.246567 0 -0.0724111 -0.0863597 0
2.71 -0.194919 -0.251874 0 0.123067 0.280221 0 -0.074366 -0.0888919 0
2.72 -0.193536 -0.248901 0 0.1536 0.314555 0 -0.0763085 -0.0913961 0
2.73 -0.191844 -0.245581 0 0.184933 0.34957 0 -0.0782356 -0.0938687 0
2.74 -0.189835 -0.241907 0 0.217067 0.385266 0 -0.0801443 -0.0963065 0
2.75 -0.1875 -0.237873 0 0.25 0.421642 0 -0.0820312 -0.0987057 0
2.76 -0.184832 -0.233472 0 0.283733 0.458699 0 -0.0838932 -0.101063 0
2.77 -0.181823 -0.228697 0 0.318267 0.496436 0 -0.0857268 -0.103374 0
2.78 -0.178464 -0.223541 0 0.3536 0.534854 0 -0.0875285 -0.105635 0
2.79 -0.174748 -0.217998 0 0.389733 0.573952 0 -0.0892948 -0.107843 0
2.8 -0.170667 -0.21206 0 0.426667 0.613731 0 -0.0910222 -0.109994 0
2.81 -0.166212 -0.205721 0 0.4644 0.654191 0 -0.0927069 -0.112083 0
2.82 -0.161376 -0.198974 0 0.502933 0.695331 0 -0.0943452 -0.114107 0
2.83 -0.156151 -0.191812 0 0.542267 0.737152 0 -0.0959332 -0.116061 0
2.84 -0.150528 -0.184228 0 0.5824 0.779654 0 -0.0974669 -0.117942 0
2.85 -0.1445 -0.176216 0 0.623333 0.822836 0 -0.0989424 -0.119744 0
2.86 -0.138059 -0.167769 0 0.665067 0.866699 0 -0.100356 -0.121465 0
2.87 -0.131196 -0.15888 0 0.7076 0.911242 0 -0.101702 -0.123098 0
2.88 -0.123904 -0.149542 0 0.750933 0.956466 0 -0.102978 -0.124641 0
2.89 -0.116175 -0.139749 0 0.795067 1.00237 0 -0.104179 -0.126088 0
2.9 -0.108 -0.129493 0 0.84 1.04896 0 -0.1053 -0.127434 0
2.91 -0.099372 -0.118767 0 0.885733 1.09622 0 -0.106337 -0.128676 0
2.92 -0.0902827 -0.107566 0 0.932267 1.14417 0 -0.107286 -0.129808 0
2.93 -0.080724 -0.0958816 0 0.9796 1.19279 0 -0.108141 -0.130826 0
2.94 -0.070688 -0.0837077 0 1.02773 1.2421 0 -0.108899 -0.131724 0
2.95 -0.0601667 -0.0710373 0 1.07667 1.29209 0 -0.109553 -0.132498 0
2.96 -0.049152 -0.0578636 0 1.1264 1.34276 0 -0.1101 -0.133143 0
2.97 -0.037636 -0.0441799 0 1.17693 1.39411 0 -0.110535 -0.133654 0
2.98 -0.0256107 -0.0299792 0 1.22827 1.44614 0 -0.110852 -0.134025 0
2.99 -0.013068 -0.0152549 0 1.2804 1.49885 0 -0.111045 -0.134252 0
3 -2.66454e-14 -3.11418e-14 0 1.33333 1.55224 0 -0.111111 -0.134328 0
3.01 0.0137307 0.0157875 0.001184 1.41253 1.6049 0.2352 -0.111043 -0.13425 3.96e-06
3.02 0.0282453 0.0320907 0.004672 1.49013 1.6554 0.4608 -0.110834 -0.134011 3.136e-05
3.03 0.043528 0.0488884 0.010368 1.56613 1.70376 0.6768 -0.110476 -0.133606 0.00010476
3.04 0.0595627 0.0661588 0.018176 1.64053 1.74997 0.8832 -0.109961 -0.133032 0.00024576
3.05 0.0763333 0.0838806 0.028 1.71333 1.79403 1.08 -0.109282 -0.132282 0.000475
3.06 0.093824 0.102032 0.039744 1.78453 1.83594 1.2672 -0.108432 -0.131353 0.00081216
3.07 0.112019 0.120592 0.053312 1.85413 1.8757 1.4448 -0.107403 -0.13024 0.00127596
3.08 0.130901 0.139539 0.068608 1.92213 1.91331 1.6128 -0.106189 -0.128939 0.00188416
3.09 0.150456 0.158851 0.085536 1.98853 1.94878 1.7712 -0.104783 -0.127448 0.00265356
3.1 0.170667 0.178507 0.104 2.05333 1.98209 1.92 -0.103178 -0.125761 0.0036
3.11 0.191517 0.198486 0.123904 2.11653 2.01325 2.0592 -0.101367 -0.123876 0.00473836
3.12 0.212992 0.218765 0.145152 2.17813 2.04227 2.1888 -0.0993454 -0.12179 0.00608256
3.13 0.235075 0.239324 0.167648 2.23813 2.06913 2.3088 -0.0971055 -0.1195 0.00764556
3.14 0.257749 0.260141 0.191296 2.29653 2.09385 2.4192 -0.0946419 -0.117003 0.00943936
3.15 0.281 0.281194 0.216 2.35333 2.11642 2.52 -0.0919486 -0.114297 0.011475
3.16 0.304811 0.302462 0.241664 2.40853 2.13684 2.6112 -0.08902 -0.111379 0.0137626
3.17 0.329165 0.323924 0.268192 2.46213 2.1551 2.6928 -0.0858506 -0.108247 0.0163112
3.18 0.354048 0.345557 0.295488 2.51413 2.17122 2.7648 -0.082435 -0.104899 0.019129
3.19 0.379443 0.367341 0.323456 2.56453 2.18519 2.8272 -0.0787679 -0.101335 0.0222232
3.2 0.405333 0.389254 0.352 2.61333 2.19701 2.88 -0.0748444 -0.0975522 0.0256
3.21 0.431704 0.411274 0.381024 2.66053 2.20669 2.9232 -0.0706597 -0.0935497 0.0292648
3.22 0.458539 0.43338 0.410432 2.70613 2.21421 2.9568 -0.0662088 -0.0893265 0.0332218
3.23 0.485821 0.455551 0.440128 2.75013 2.21958 2.9808 -0.0614874 -0.0848819 0.0374744
3.24 0.513536 0.477765 0.470016 2.79253 2.22281 2.9952 -0.056491 -0.0802153 0.042025
3.25 0.541667 0.5 0.5 2.83333 2.22388 3 -0.0512153 -0.0753265 0.046875
3.26 0.570197 0.522235 0.529984 2.87253 2.22281 2.9952 -0.0456563 -0.0702153 0.052025
3.27 0.599112 0.544449 0.559872 2.91013 2.21958 2.9808 -0.0398101 -0.0648819 0.0574744
3.28 0.628395 0.56662 0.589568 2.94613 2.21421 2.9568 -0.0336728 -0.0593265 0.0632218
3.29 0.658029 0.588726 0.618976 2.98053 2.20669 2.9232 -0.027241 -0.0535497 0.0692648
3.3 0.688 0.610746 0.648 3.01333 2.19701 2.88 -0.0205111 -0.0475522 0.0756
3.31 0.718291 0.632659 0.676544 3.04453 2.18519 2.8272 -0.0134799 -0.0413351 0.0822232
3.32 0.748885 0.654443 0.704512 3.07413 2.17122 2.7648 -0.00614428 -0.0348995 0.089129
3.33 0.779768 0.676076 0.731808 3.10213 2.1551 2.6928 0.00149875 -0.0282468 0.0963112
3.34 0.810923 0.697538 0.758336 3.12853 2.13684 2.6112 0.00945198 -0.0213785 0.103763
3.35 0.842333 0.718806 0.784 3.15333 2.11642 2.52 0.0177181 -0.0142966 0.111475
3.36 0.873984 0.739859 0.808704 3.17653 2.09385 2.4192 0.0262994 -0.00700313 0.119439
3.37 0.905859 0.760676 0.832352 3.19813 2.06913 2.3088 0.0351985 0.000499752 0.127646
3.38 0.937941 0.781235 0.854848 3.21813 2.04227 2.1888 0.0444173 0.00820953 0.136083
3.39 0.970216 0.801514 0.876096 3.23653 2.01325 2.0592 0.0539579 0.0161235 0.144738
3.4 1.00267 0.821493 0.896 3.25333 1.98209 1.92 0.0638222 0.0242388 0.1536
3.41 1.03528 0.841149 0.914464 3.26853 1.94878 1.7712 0.0740118 0.0325523 0.162654
3.42 1.06803 0.860461 0.931392 3.28213 1.91331 1.6128 0.0845282 0.0410606 0.171884
3.43 1.10091 0.879408 0.946688 3.29413 1.8757 1.4448 0.0953729 0.0497603 0.181276
3.44 1.13391 0.897968 0.960256 3.30453 1.83594 1.2672 0.106547 0.0586475 0.190812
3.45 1.167 0.916119 0.972 3.31333 1.79403 1.08 0.118051 0.0677183 0.200475
3.46 1.20017 0.933841 0.981824 3.32053 1.74997 0.8832 0.129887 0.0769685 0.210246
3.47 1.23341 0.951112 0.989632 3.32613 1.70376 0.6768 0.142055 0.0863936 0.220105
3.48 1.26669 0.967909 0.995328 3.33013 1.6554 0.4608 0.154555 0.0959891 0.230031
3.49 1.3 0.984213 0.998816 3.33253 1.6049 0.2352 0.167389 0.10575 0.240004
3.5 1.33333 1 1 3.33333 1.55224 7.35412e-13 0.180556 0.115672 0.25
3.51 1.01307 1.01525 1 1.2804 1.49885 0 0.148955 0.125748 0.26
3.52 1.02561 1.02998 1 1.22827 1.44614 0 0.159148 0.135975 0.27
3.53 1.03764 1.04418 1 1.17693 1.39411 0 0.169465 0.146346 0.28
3.54 1.04915 1.05786 1 1.1264 1.34276 0 0.1799 0.156857 0.29
3.55 1.06017 1.07104 1 1.07667 1.29209 0 0.190447 0.167502 0.3
3.56 1.07069 1.08371 1 1.02773 1.2421 0 0.201101 0.178276 0.31
3.57 1.08072 1.09588 1 0.9796 1.19279 0 0.211859 0.189174 0.32
3.58 1.09028 1.10757 1 0.932267 1.14417 0 0.222714 0.200192 0.33
3.59 1.09937 1.11877 1 0.885733 1.09622 0 0.233663 0.211324 0.34
3.6 1.108 1.12949 1 0.84 1.04896 0 0.2447 0.222566 0.35
3.61 1.11617 1.13975 1 0.795067 1.00237 0 0.255821 0.233912 0.36
3.62 1.1239 1.14954 1 0.750933 0.956466 0 0.267022 0.245359 0.37
3.63 1.1312 1.15888 1 0.7076 0.911242 0 0.278298 0.256902 0.38
3.64 1.13806 1.16777 1 0.665067 0.866699 0 0.289644 0.268535 0.39
3.65 1.1445 1.17622 1 0.623333 0.822836 0 0.301058 0.280256 0.4
3.66 1.15053 1.18423 1 0.5824 0.779654 0 0.312533 0.292058 0.41
3.67 1.15615 1.19181 1 0.542267 0.737152 0 0.324067 0.303939 0.42
3.68 1.16138 1.19897 1 0.502933 0.695331 0 0.335655 0.315893 0.43
3.69 1.16621 1.20572 1 0.4644 0.654191 0 0.347293 0.327917 0.44
3.7 1.17067 1.21206 1 0.426667 0.613731 0 0.358978 0.340006 0.45
3.71 1.17475 1.218 1 0.389733 0.573952 0 0.370705 0.352157 0.46
3.72 1.17846 1.22354 1 0.3536 0.534854 0 0.382472 0.364365 0.47
3.73 1.18182 1.2287 1 0.318267 0.496436 0 0.394273 0.376626 0.48
3.74 1.18483 1.23347 1 0.283733 0.458699 0 0.406107 0.388937 0.49
3.75 1.1875 1.23787 1 0.25 0.421642 0 0.417969 0.401294 0.5
3.76 1.18983 1.24191 1 0.217067 0.385266 0 0.429856 0.413694 0.51
3.77 1.19184 1.24558 1 0.184933 0.34957 0 0.441764 0.426131 0.52
3.78 1.19354 1.2489 1 0.1536 0.314555 0 0.453692 0.438604 0.53
3.79 1.19492 1.25187 1 0.123067 0.280221 0 0.465634 0.451108 0.54
3.8 1.196 1.25451 1 0.0933333 0.246567 0 0.477589 0.46364 0.55
3.81 1.19679 1.25681 1 0.0644 0.213594 0 0.489553 0.476197 0.56
3.82 1.19729 1.25878 1 0.0362667 0.181301 0 0.501524 0.488775 0.57
3.83 1.19752 1.26044 1 0.00893333 0.14969 0 0.513498 0.501372 0.58
3.84 1.19747 1.26178 1 -0.0176 0.118758 0 0.525473 0.513983 0.59
3.85 1.19717 1.26281 1 -0.0433333 0.0885075 0 0.537447 0.526606 0.6
3.86 1.19661 1.26355 1 -0.0682667 0.0589373 0 0.549416 0.539238 0.61
3.87 1.1958 1.26399 1 -0.0924 0.0300478 0 0.561378 0.551876 0.62
3.88 1.19476 1.26415 1 -0.115733 0.00183881 0 0.573331 0.564517 0.63
3.89 1.19349 1.26403 1 -0.138267 -0.0256896 0 0.585272 0.577158 0.64
3.9 1.192 1.26364 1 -0.16 -0.0525373 0 0.5972 0.589797 0.65
3.91 1.19029 1.26299 1 -0.180933 -0.0787045 0 0.609112 0.60243 0.66
3.92 1.18838 1.26207 1 -0.201067 -0.104191 0 0.621005 0.615056 0.67
3.93 1.18628 1.2609 1 -0.2204 -0.128997 0 0.632879 0.627671 0.68
3.94 1.18398 1.25949 1 -0.238933 -0.153122 0 0.64473 0.640273 0.69
3.95 1.1815 1.25784 1 -0.256667 -0.176567 0 0.656558 0.65286 0.7
3.96 1.17885 1.25596 1 -0.2736 -0.199331 0 0.66836 0.665429 0.71
3.97 1.17603 1.25386 1 -0.289733 -0.221415 0 0.680134 0.677978 0.72
3.98 1.17306 1.25154 1 -0.305067 -0.242818 0 0.69188 0.690506 0.73
3.99 1.16993 1.249 1 -0.3196 -0.26354 0 0.703595 0.703009 0.74
4 1.16667 1.24627 1 -0.333333 -0.283582 0 0.715278 0.715485 0.75
4.01 1.16327 1.24334 1 -0.346267 -0.302943 0 0.726928 0.727933 0.76
4.02 1.15974 1.24021 1 -0.3584 -0.321624 0 0.738543 0.740351 0.77
4.03 1.1561 1.23691 1 -0.369733 -0.339624 0 0.750122 0.752737 0.78
4.04 1.15235 1.23342 1 -0.380267 -0.356943 0 0.761664 0.765089 0.79
4.05 1.1485 1.22977 1 -0.39 -0.373582 0 0.773169 0.777405 0.8
4.06 1.14455 1.22595 1 -0.398933 -0.38954 0 0.784634 0.789683 0.81
4.07 1.14052 1.22198 1 -0.407067 -0.404818 0 0.79606 0.801923 0.82
4.08 1.13642 1.21786 1 -0.4144 -0.419415 0 0.807444 0.814123 0.83
4.09 1.13224 1.21359 1 -0.420933 -0.433331 0 0.818788 0.82628 0.84
4.1 1.128 1.20919 1 -0.426667 -0.446567 0 0.830089 0.838394 0.85
4.11 1.12371 1.20467 1 -0.4316 -0.459122 0 0.841347 0.850463 0.86
4.12 1.11937 1.20001 1 -0.435733 -0.470997 0 0.852563 0.862487 0.87
4.13 1.115 1.19525 1 -0.439067 -0.482191 0 0.863735 0.874463 0.88
4.14 1.11059 1.19037 1 -0.4416 -0.492704 0 0.874863 0.886392 0.89
4.15 1.10617 1.1854 1 -0.443333 -0.502537 0 0.885947 0.89827 0.9
4.16 1.10173 1.18032 1 -0.444267 -0.51169 0 0.896986 0.910099 0.91
4.17 1.09728 1.17516 1 -0.4444 -0.520161 0 0.907981 0.921877 0.92
4.18 1.09284 1.16992 1 -0.443733 -0.527952 0 0.918932 0.933602 0.93
4.19 1.08841 1.16461 1 -0.442267 -0.535063 0 0.929838 0.945275 0.94
4.2 1.084 1.15922 1 -0.44 -0.541493 0 0.9407 0.956894 0.95
4.21 1.07961 1.15378 1 -0.436933 -0.547242 0 0.951518 0.968459 0.96
4.22 1.07526 1.14828 1 -0.433067 -0.55231 0 0.962292 0.979969 0.97
4.23 1.07096 1.14274 1 -0.4284 -0.556699 0 0.973023 0.991425 0.98
4.24 1.0667 1.13715 1 -0.422933 -0.560406 0 0.983712 1.00282 0.99
4.25 1.0625 1.13153 1 -0.416667 -0.563433 0 0.994358 1.01417 1
4.26 1.05837 1.12588 1 -0.4096 -0.565779 0 1.00496 1.02545 1.01
4.27 1.05431 1.12022 1 -0.401733 -0.567445 0 1.01553 1.03669 1.02
4.28 1.05034 1.11454 1 -0.393067 -0.56843 0 1.02605 1.04786 1.03
4.29 1.04645 1.10885 1 -0.3836 -0.568734 0 1.03653 1.05898 1.04
4.3 1.04267 1.10316 1 -0.373333 -0.568358 0 1.04698 1.07004 1.05
4.31 1.03899 1.09749 1 -0.362267 -0.567301 0 1.05739 1.08104 1.06
4.32 1.03542 1.09182 1 -0.3504 -0.565564 0 1.06776 1.09199 1.07
4.33 1.03198 1.08618 1 -0.337733 -0.563146 0 1.07809 1.10288 1.08
4.34 1.02867 1.08056 1 -0.324267 -0.560048 0 1.0884 1.11371 1.09
4.35 1.0255 1.07498 1 -0.31 -0.556269 0 1.09867 1.12449 1.1
4.36 1.02247 1.06944 1 -0.294933 -0.551809 0 1.10891 1.13521 1.11
4.37 1.0196 1.06394 1 -0.279067 -0.546669 0 1.11912 1.14588 1.12
4.38 1.0169 1.05851 1 -0.2624 -0.540848 0 1.1293 1.15649 1.13
4.39 1.01436 1.05313 1 -0.244933 -0.534346 0 1.13946 1.16705 1.14
4.4 1.012 1.04782 1 -0.226667 -0.527164 0 1.14959 1.17755 1.15
4.41 1.00983 1.04259 1 -0.2076 -0.519301 0 1.1597 1.188 1.16
4.42 1.00785 1.03744 1 -0.187733 -0.510758 0 1.16979 1.1984 1.17
4.43 1.00608 1.03238 1 -0.167067 -0.501534 0 1.17986 1.20875 1.18
4.44 1.00451 1.02741 1 -0.1456 -0.49163 0 1.18991 1.21905 1.19
4.45 1.00317 1.02254 1 -0.123333 -0.481045 0 1.19995 1.2293 1.2
4.46 1.00205 1.01779 1 -0.100267 -0.469779 0 1.20997 1.2395 1.21
4.47 1.00116 1.01315 1 -0.0764 -0.457833 0 1.21999 1.24966 1.22
4.48 1.00052 1.00864 1 -0.0517333 -0.445206 0 1.23 1.25977 1.23
4.49 1.00013 1.00425 1 -0.0262667 -0.431899 0 1.24 1.26983 1.24
4.5 1 1 1 -1.37668e-13 -0.41791 0 1.25 1.27985 1.25
4.51 1 0.995892 1 0 -0.403672 0 1.26 1.28983 1.26
4.52 1 0.991926 1 0 -0.389612 0 1.27 1.29977 1.27
4.53 1 0.988099 1 0 -0.375731 0 1.28 1.30967 1.28
4.54 1 0.984411 1 0 -0.36203 0 1.29 1.31953 1.29
4.55 1 0.980858 1 0 -0.348507 0 1.3 1.32936 1.3
4.56 1 0.97744 1 0 -0.335164 0 1.31 1.33915 1.31
4.57 1 0.974154 1 0 -0.322 0 1.32 1.34891 1.32
4.58 1 0.970999 1 0 -0.309015 0 1.33 1.35863 1.33
4.59 1 0.967973 1 0 -0.296209 0 1.34 1.36833 1.34
4.6 1 0.965075 1 0 -0.283582 0 1.35 1.37799 1.35
4.61 1 0.962301 1 0 -0.271134 0 1.36 1.38763 1.36
4.62 1 0.959651 1 0 -0.258866 0 1.37 1.39724 1.37
4.63 1 0.957123 1 0 -0.246776 0 1.38 1.40682 1.38
4.64 1 0.954715 1 0 -0.234866 0 1.39 1.41638 1.39
4.65 1 0.952425 1 0 -0.223134 0 1.4 1.42592 1.4
4.66 1 0.950252 1 0 -0.211582 0 1.41 1.43543 1.41
4.67 1 0.948193 1 0 -0.200209 0 1.42 1.44492 1.42
4.68 1 0.946247 1 0 -0.189015 0 1.43 1.45439 1.43
4.69 1 0.944412 1 0 -0.178 0 1.44 1.46385 1.44
4.7 1 0.942687 1 0 -0.167164 0 1.45 1.47328 1.45
4.71 1 0.941068 1 0 -0.156507 0 1.46 1.4827 1.46
4.72 1 0.939556 1 0 -0.14603 0 1.47 1.49211 1.47
4.73 1 0.938147 1 0 -0.135731 0 1.48 1.50149 1.48
4.74 1 0.936841 1 0 -0.125612 0 1.49 1.51087 1.49
4.75 1 0.935634 1 0 -0.115672 0 1.5 1.52023 1.5
4.76 1 0.934527 1 0 -0.10591 0 1.51 1.52958 1.51
4.77 1 0.933516 1 0 -0.0963284 0 1.52 1.53892 1.52
4.78 1 0.932599 1 0 -0.0869254 0 1.53 1.54825 1.53
4.79 1 0.931776 1 0 -0.0777015 0 1.54 1.55757 1.54
4.8 1 0.931045 1 0 -0.0686567 0 1.55 1.56689 1.55
4.81 1 0.930403 1 0 -0.059791 0 1.56 1.5762 1.56
4.82 1 0.929848 1 0 -0.0511045 0 1.57 1.5855 1.57
4.83 1 0.92938 1 0 -0.042597 0 1.58 1.59479 1.58
4.84 1 0.928996 1 0 -0.0342687 0 1.59 1.60408 1.59
4.85 1 0.928694 1 0 -0.0261194 0 1.6 1.61337 1.6
4.86 1 0.928473 1 0 -0.0181493 0 1.61 1.62266 1.61
4.87 1 0.92833 1 0 -0.0103582 0 1.62 1.63194 1.62
4.88 1 0.928265 1 0 -0.00274627 0 1.63 1.64123 1.63
4.89 1 0.928275 1 0 0.00468657 0 1.64 1.65051 1.64
4.9 1 0.928358 1 0 0.0119403 0 1.65 1.65979 1.65
4.91 1 0.928513 1 0 0.0190149 0 1.66 1.66908 1.66
4.92 1 0.928738 1 0 0.0259104 0 1.67 1.67836 1.67
4.93 1 0.929031 1 0 0.0326269 0 1.68 1.68765 1.68
4.94 1 0.92939 1 0 0.0391642 0 1.69 1.69694 1.69
4.95 1 0.929813 1 0 0.0455224 0 1.7 1.70624 1.7
4.96 1 0.9303 1 0 0.0517015 0 1.71 1.71554 1.71
4.97 1 0.930847 1 0 0.0577015 0 1.72 1.72484 1.72
4.98 1 0.931453 1 0 0.0635224 0 1.73 1.73416 1.73
4.99 1 0.932117 1 0 0.0691642 0 1.74 1.74347 1.74
5 1 0.932836 1 0 0.0746269 0 1.75 1.7528 1.75
5.01 1 0.933609 1 0 0.0799104 0 1.76 1.76213 1.76
5.02 1 0.934433 1 0 0.0850149 0 1.77 1.77147 1.77
5.03 1 0.935308 1 0 0.0899403 0 1.78 1.78082 1.78
5.04 1 0.936232 1 0 0.0946866 0 1.79 1.79018 1.79
5.05 1 0.937201 1 0 0.0992537 0 1.8 1.79954 1.8
5.06 1 0.938216 1 0 0.103642 0 1.81 1.80892 1.81
5.07 1 0.939274 1 0 0.107851 0 1.82 1.81831 1.82
5.08 1 0.940373 1 0 0.111881 0 1.83 1.82771 1.83
5.09 1 0.941511 1 0 0.115731 0 1.84 1.83712 1.84
5.1 1 0.942687 1 0 0.119403 0 1.85 1.84654 1.85
5.11 1 0.943898 1 0 0.122896 0 1.86 1.85597 1.86
5.12 1 0.945144 1 0 0.126209 0 1.87 1.86542 1.87
5.13 1 0.946422 1 0 0.129343 0 1.88 1.87487 1.88
5.14 1 0.94773 1 0 0.132299 0 1.89 1.88434 1.89
5.15 1 0.949067 1 0 0.135075 0 1.9 1.89383 1.9
5.16 1 0.950431 1 0 0.137672 0 1.91 1.90333 1.91
5.17 1 0.95182 1 0 0.14009 0 1.92 1.91284 1.92
5.18 1 0.953232 1 0 0.142328 0 1.93 1.92236 1.93
5.19 1 0.954666 1 0 0.144388 0 1.94 1.9319 1.94
5.2 1 0.956119 1 0 0.146269 0 1.95 1.94146 1.95
5.21 1 0.957591 1 0 0.14797 0 1.96 1.95102 1.96
5.22 1 0.959078 1 0 0.149493 0 1.97 1.96061 1.97
5.23 1 0.96058 1 0 0.150836 0 1.98 1.97021 1.98
5.24 1 0.962094 1 0 0.152 0 1.99 1.97982 1.99
5.25 1 0.963619 1 0 0.152985 0 2 1.98945 2
5.26 1 0.965153 1 0 0.153791 0 2.01 1.99909 2.01
5.27 1 0.966695 1 0 0.154418 0 2.02 2.00875 2.02
5.28 1 0.968241 1 0 0.154866 0 2.03 2.01843 2.03
5.29 1 0.969791 1 0 0.155134 0 2.04 2.02812 2.04
5.3 1 0.971343 1 0 0.155224 0 2.05 2.03782 2.05
5.31 1 0.972895 1 0 0.155134 0 2.06 2.04754 2.06
5.32 1 0.974445 1 0 0.154866 0 2.07 2.05728 2.07
5.33 1 0.975992 1 0 0.154418 0 2.08 2.06703 2.08
5.34 1 0.977533 1 0 0.153791 0 2.09 2.0768 2.09
5.35 1 0.979067 1 0 0.152985 0 2.1 2.08658 2.1
5.36 1 0.980592 1 0 0.152 0 2.11 2.09638 2.11
5.37 1 0.982107 1 0 0.150836 0 2.12 2.10619 2.12
5.38 1 0.983608 1 0 0.149493 0 2.13 2.11602 2.13
5.39 1 0.985096 1 0 0.14797 0 2.14 2.12587 2.14
5.4 1 0.986567 1 0 0.146269 0 2.15 2.13572 2.15
5.41 1 0.988021 1 0 0.144388 0 2.16 2.1456 2.16
5.42 1 0.989454 1 0 0.142328 0 2.17 2.15548 2.17
5.43 1 0.990867 1 0 0.14009 0 2.18 2.16539 2.18
5.44 1 0.992256 1 0 0.137672 0 2.19 2.1753 2.19
5.45 1 0.993619 1 0 0.135075 0 2.2 2.18523 2.2
5.46 1 0.994956 1 0 0.132299 0 2.21 2.19517 2.21
5.47 1 0.996265 1 0 0.129343 0 2.22 2.20513 2.22
5.48 1 0.997543 1 0 0.126209 0 2.23 2.2151 2.23
5.49 1 0.998788 1 0 0.122896 0 2.24 2.22508 2.24
5.5 1 1 1 0 0.119403 0 2.25 2.23507 2.25
5.51 1 1.00118 1 0 0.115839 0 2.26 2.24508 2.26
5.52 1 1.00232 1 0 0.11231 0 2.27 2.2551 2.27
5.53 1 1.00342 1 0 0.108818 0 2.28 2.26513 2.28
5.54 1 1.00449 1 0 0.105361 0 2.29 2.27517 2.29
5.55 1 1.00553 1 0 0.10194 0 2.3 2.28522 2.3
5.56 1 1.00653 1 0 0.0985552 0 2.31 2.29528 2.31
5.57 1 1.0075 1 0 0.095206 0 2.32 2.30535 2.32
5.58 1 1.00844 1 0 0.0918925 0 2.33 2.31543 2.33
5.59 1 1.00934 1 0 0.0886149 0 2.34 2.32552 2.34
5.6 1 1.01021 1 0 0.0853731 0 2.35 2.33561 2.35
5.61 1 1.01105 1 0 0.0821672 0 2.36 2.34572 2.36
5.62 1 1.01185 1 0 0.078997 0 2.37 2.35583 2.37
5.63 1 1.01263 1 0 0.0758627 0 2.38 2.36596 2.38
5.64 1 1.01337 1 0 0.0727642 0 2.39 2.37609 2.39
5.65 1 1.01408 1 0 0.0697015 0 2.4 2.38622 2.4
5.66 1 1.01476 1 0 0.0666746 0 2.41 2.39637 2.41
5.67 1 1.01542 1 0 0.0636836 0 2.42 2.40652 2.42
5.68 1 1.01604 1 0 0.0607284 0 2.43 2.41668 2.43
5.69 1 1.01663 1 0 0.057809 0 2.44 2.42684 2.44
5.7 1 1.01719 1 0 0.0549254 0 2.45 2.43701 2.45
5.71 1 1.01773 1 0 0.0520776 0 2.46 2.44718 2.46
5.72 1 1.01824 1 0 0.0492657 0 2.47 2.45736 2.47
5.73 1 1.01871 1 0 0.0464896 0 2.48 2.46755 2.48
5.74 1 1.01917 1 0 0.0437493 0 2.49 2.47774 2.49
5.75 1 1.01959 1 0 0.0410448 0 2.5 2.48793 2.5
5.76 1 1.01999 1 0 0.0383761 0 2.51 2.49813 2.51
5.77 1 1.02036 1 0 0.0357433 0 2.52 2.50833 2.52
5.78 1 1.0207 1 0 0.0331463 0 2.53 2.51854 2.53
5.79 1 1.02102 1 0 0.0305851 0 2.54 2.52875 2.54
5.8 1 1.02131 1 0 0.0280597 0 2.55 2.53896 2.55
5.81 1 1.02158 1 0 0.0255701 0 2.56 2.54917 2.56
5.82 1 1.02182 1 0 0.0231164 0 2.57 2.55939 2.57
5.83 1 1.02204 1 0 0.0206985 0 2.58 2.56961 2.58
5.84 1 1.02224 1 0 0.0183164 0 2.59 2.57983 2.59
5.85 1 1.02241 1 0 0.0159701 0 2.6 2.59005 2.6
5.86 1 1.02256 1 0 0.0136597 0 2.61 2.60028 2.61
5.87 1 1.02268 1 0 0.0113851 0 2.62 2.6105 2.62
5.88 1 1.02279 1 0 0.00914627 0 2.63 2.62073 2.63
5.89 1 1.02287 1 0 0.00694328 0 2.64 2.63096 2.64
5.9 1 1.02293 1 0 0.00477612 0 2.65 2.64119 2.65
5.91 1 1.02296 1 0 0.00264478 0 2.66 2.65142 2.66
5.92 1 1.02298 1 0 0.000549254 0 2.67 2.66165 2.67
5.93 1 1.02297 1 0 -0.00151045 0 2.68 2.67188 2.68
5.94 1 1.02295 1 0 -0.00353433 0 2.69 2.68211 2.69
5.95 1 1.0229 1 0 -0.00552239 0 2.7 2.69234 2.7
5.96 1 1.02284 1 0 -0.00747463 0 2.71 2.70256 2.71
5.97 1 1.02275 1 0 -0.00939104 0 2.72 2.71279 2.72
5.98 1 1.02265 1 0 -0.0112716 0 2.73 2.72302 2.73
5.99 1 1.02253 1 0 -0.0131164 0 2.74 2.73325 2.74
6 1 1.02239 1 0 -0.0149254 0 2.75 2.74347 2.75
6.01 1 1.02223 1 0 -0.0166985 0 2.76 2.75369 2.76
6.02 1 1.02205 1 0 -0.0184358 0 2.77 2.76391 2.77
6.03 1 1.02186 1 0 -0.0201373 0 2.78 2.77413 2.78
6.04 1 1.02165 1 0 -0.021803 0 2.79 2.78435 2.79
6.05 1 1.02143 1 0 -0.0234328 0 2.8 2.79457 2.8
6.06 1 1.02118 1 0 -0.0250269 0 2.81 2.80478 2.81
6.07 1 1.02092 1 0 -0.0265851 0 2.82 2.81499 2.82
6.08 1 1.02065 1 0 -0.0281075 0 2.83 2.8252 2.83
6.09 1 1.02036 1 0 -0.029594 0 2.84 2.8354 2.84
6.1 1 1.02006 1 0 -0.0310448 0 2.85 2.84561 2.85
6.11 1 1.01974 1 0 -0.0324597 0 2.86 2.8558 2.86
6.12 1 1.01941 1 0 -0.0338388 0 2.87 2.866 2.87
6.13 1 1.01907 1 0 -0.0351821 0 2.88 2.87619 2.88
6.14 1 1.01871 1 0 -0.0364896 0 2.89 2.88638 2.89
6.15 1 1.01834 1 0 -0.0377612 0 2.9 2.89657 2.9
6.16 1 1.01795 1 0 -0.038997 0 2.91 2.90675 2.91
6.17 1 1.01756 1 0 -0.040197 0 2.92 2.91693 2.92
6.18 1 1.01715 1 0 -0.0413612 0 2.93 2.9271 2.93
6.19 1 1.01673 1 0 -0.0424896 0 2.94 2.93727 2.94
6.2 1 1.0163 1 0 -0.0435821 0 2.95 2.94743 2.95
6.21 1 1.01586 1 0 -0.0446388 0 2.96 2.9576 2.96
6.22 1 1.01541 1 0 -0.0456597 0 2.97 2.96775 2.97
6.23 1 1.01494 1 0 -0.0466448 0 2.98 2.9779 2.98
6.24 1 1.01447 1 0 -0.047594 0 2.99 2.98805 2.99
6.25 1 1.01399 1 0 -0.0485075 0 3 2.99819 3
6.26 1 1.0135 1 0 -0.0493851 0 3.01 3.00833 3.01
6.27 1 1.013 1 0 -0.0502269 0 3.02 3.01846 3.02
6.28 1 1.0125 1 0 -0.0510328 0 3.03 3.02859 3.03
6.29 1 1.01198 1 0 -0.051803 0 3.04 3.03871 3.04
6.3 1 1.01146 1 0 -0.0525373 0 3.05 3.04883 3.05
6.31 1 1.01093 1 0 -0.0532358 0 3.06 3.05894 3.06
6.32 1 1.0104 1 0 -0.0538985 0 3.07 3.06905 3.07
6.33 1 1.00986 1 0 -0.0545254 0 3.08 3.07915 3.08
6.34 1 1.00931 1 0 -0.0551164 0 3.09 3.08925 3.09
6.35 1 1.00875 1 0 -0.0556716 0 3.1 3.09934 3.1
6.36 1 1.00819 1 0 -0.056191 0 3.11 3.10942 3.11
6.37 1 1.00763 1 0 -0.0566746 0 3.12 3.1195 3.12
6.38 1 1.00706 1 0 -0.0571224 0 3.13 3.12957 3.13
6.39 1 1.00649 1 0 -0.0575343 0 3.14 3.13964 3.14
6.4 1 1.00591 1 0 -0.0579104 0 3.15 3.1497 3.15
6.41 1 1.00533 1 0 -0.0582507 0 3.16 3.15976 3.16
6.42 1 1.00475 1 0 -0.0585552 0 3.17 3.16981 3.17
6.43 1 1.00416 1 0 -0.0588239 0 3.18 3.17985 3.18
6.44 1 1.00357 1 0 -0.0590567 0 3.19 3.18989 3.19
6.45 1 1.00298 1 0 -0.0592537 0 3.2 3.19993 3.2
6.46 1 1.00238 1 0 -0.0594149 0 3.21 3.20995 3.21
6.47 1 1.00179 1 0 -0.0595403 0 3.22 3.21997 3.22
6.48 1 1.00119 1 0 -0.0596299 0 3.23 3.22999 3.23
6.49 1 1.0006 1 0 -0.0596836 0 3.24 3.24 3.24
6.5 1 1 1 0 -0.0597015 0 3.25 3.25 3.25


