    -4.1 -0.363973 -0.363973 -0.363973
 -4.0375 -1.05237 -1.05237 -1.05237
  -3.975  1.73228  1.73228  1.73228
 -3.9125 0.549702 0.549702 0.549702
   -3.85 0.360507 0.360507 0.360507
 -3.7875 0.289716 0.289716 0.289716
  -3.725 0.258262 0.258262 0.258262
 -3.6625 0.246217 0.246217 0.246217
    -3.6 0.246857 0.246857 0.246857
 -3.5375 0.258126 0.258126 0.258126
  -3.475 0.280474 0.280474 0.280474
 -3.4125 0.316582 0.316582 0.316582
   -3.35 0.372281 0.372281 0.372281
 -3.2875  0.45936  0.45936  0.45936
  -3.225 0.603469 0.603469 0.603469
 -3.1625 0.870513 0.870513 0.870513
    -3.1  1.49229  1.49229  1.49229
 -3.0375  4.24892  4.24892  4.24892
  -2.975 -6.88581 -6.88581 -6.88581
 -2.9125 -2.15071 -2.15071 -2.15071
   -2.85 -1.38795 -1.38795 -1.38795
 -2.7875  -1.0973  -1.0973  -1.0973
  -2.725 -0.962025 -0.962025 -0.962025
 -2.6625 -0.90177 -0.90177 -0.90177
    -2.6 -0.888686 -0.888686 -0.888686
 -2.5375 -0.91312 -0.91312 -0.91312
  -2.475 -0.974646 -0.974646 -0.974646
 -2.4125 -1.08034 -1.08034 -1.08034
   -2.35 -1.24714 -1.24714 -1.24714
 -2.2875 -1.51015 -1.51015 -1.51015
  -2.225 -1.94619 -1.94619 -1.94619
 -2.1625   -2.753   -2.753   -2.753
    -2.1  -4.6261  -4.6261  -4.6261
 -2.0375 -12.9061 -12.9061 -12.9061
  -1.975  20.4853  20.4853  20.4853
 -1.9125  6.26394  6.26394  6.26394
   -1.85  3.95566  3.95566  3.95566
 -1.7875  3.05873  3.05873  3.05873
  -1.725  2.62152  2.62152  2.62152
 -1.6625  2.40096  2.40096  2.40096
    -1.6  2.31058  2.31058  2.31058
 -1.5375  2.31704  2.31704  2.31704
  -1.475  2.41225  2.41225  2.41225
 -1.4125  2.60631  2.60631  2.60631
   -1.35  2.93078  2.93078  2.93078
 -1.2875  3.45446  3.45446  3.45446
  -1.225  4.33027  4.33027  4.33027
 -1.1625  5.95336  5.95336  5.95336
    -1.1  9.71481  9.71481  9.71481
 -1.0375  26.2962  26.2962  26.2962
  -0.975 -40.4584 -40.4584 -40.4584
 -0.9125 -11.9798 -11.9798 -11.9798
   -0.85 -7.31797 -7.31797 -7.31797
 -0.7875 -5.46747 -5.46747 -5.46747
  -0.725 -4.52212 -4.52212 -4.52212
 -0.6625  -3.9916  -3.9916  -3.9916
    -0.6 -3.69693 -3.69693 -3.69693
 -0.5375 -3.56245 -3.56245 -3.56245
  -0.475 -3.55807 -3.55807 -3.55807
 -0.4125 -3.68142 -3.68142 -3.68142
   -0.35 -3.95656 -3.95656 -3.95656
 -0.2875 -4.44762 -4.44762 -4.44762
  -0.225 -5.30458 -5.30458 -5.30458
 -0.1625 -6.92078 -6.92078 -6.92078
    -0.1 -10.6863 -10.6863 -10.6863
 -0.0375 -27.2823 -27.2823 -27.2823
   0.025   39.447   39.447   39.447
  0.0875  10.9316  10.9316  10.9316
    0.15  6.22027  6.22027  6.22027
  0.2125  4.30564  4.30564  4.30564
   0.275  3.27854  3.27854  3.27854
  0.3375  2.64444  2.64444  2.64444
     0.4  2.21816  2.21816  2.21816
  0.4625  1.91482  1.91482  1.91482
   0.525  1.69008  1.69008  1.69008
  0.5875  1.51858  1.51858  1.51858
    0.65   1.3848   1.3848   1.3848
  0.7125  1.27869  1.27869  1.27869
   0.775  1.19353  1.19353  1.19353
  0.8375  1.12463  1.12463  1.12463
     0.9  1.06863  1.06863  1.06863
  0.9625  1.02309  1.02309  1.02309
   1.025 0.986174 0.986174 0.986174
  1.0875 0.956511 0.956511 0.956511
    1.15 0.933041 0.933041 0.933041
  1.2125 0.914948 0.914948 0.914948
   1.275 0.901597 0.901597 0.901597
  1.3375 0.892497 0.892497 0.892497
     1.4 0.887264 0.887264 0.887264
  1.4625 0.885604 0.885604 0.885604
   1.525 0.887293 0.887293 0.887293
  1.5875 0.892169 0.892169 0.892169
    1.65 0.900117 0.900117 0.900117
  1.7125 0.911067 0.911067 0.911067
   1.775 0.924986 0.924986 0.924986
  1.8375 0.941875 0.941875 0.941875
     1.9 0.961766 0.961766 0.961766
  1.9625 0.984721 0.984721 0.984721
   2.025  1.01083  1.01083  1.01083
  2.0875  1.04021  1.04021  1.04021
    2.15    1.073    1.073    1.073
  2.2125  1.10937  1.10937  1.10937
   2.275  1.14954  1.14954  1.14954
  2.3375  1.19371  1.19371  1.19371
     2.4  1.24217  1.24217  1.24217
  2.4625   1.2952   1.2952   1.2952
   2.525  1.35312  1.35312  1.35312
  2.5875  1.41632  1.41632  1.41632
    2.65  1.48519  1.48519  1.48519
  2.7125   1.5602   1.5602   1.5602
   2.775  1.64185  1.64185  1.64185
  2.8375  1.73069  1.73069  1.73069
     2.9  1.82736  1.82736  1.82736
  2.9625  1.93251  1.93251  1.93251
   3.025  2.04693  2.04693  2.04693
  3.0875  2.17143  2.17143  2.17143
    3.15  2.30694  2.30694  2.30694
  3.2125  2.45449  2.45449  2.45449
   3.275   2.6152   2.6152   2.6152
  3.3375  2.79031  2.79031  2.79031
     3.4  2.98121  2.98121  2.98121
  3.4625  3.18942  3.18942  3.18942
   3.525  3.41663  3.41663  3.41663
  3.5875  3.66472  3.66472  3.66472
    3.65  3.93576  3.93576  3.93576
  3.7125  4.23205  4.23205  4.23205
   3.775  4.55613  4.55613  4.55613
  3.8375  4.91085  4.91085  4.91085
     3.9  5.29933  5.29933  5.29933
  3.9625  5.72507  5.72507  5.72507
