    0.01  4.59948  4.59948  4.59948
  0.0725   2.5865   2.5865   2.5865
   0.135  1.93864  1.93864  1.93864
  0.1975  1.53737  1.53737  1.53737
    0.26  1.24659  1.24659  1.24659
  0.3225  1.01996  1.01996  1.01996
   0.385 0.835936 0.835936 0.835936
  0.4475  0.68269  0.68269 0.682689
    0.51 0.552974 0.552974 0.552974
  0.5725 0.442012 0.442012 0.442012
   0.635 0.346471 0.346471 0.346471
  0.6975 0.263926 0.263926 0.263926
    0.76 0.192549 0.192549 0.192549
  0.8225 0.130921 0.130921 0.130921
   0.885 0.0779183 0.0779183 0.0779182
  0.9475 0.0326309 0.0326309 0.0326309
    1.01 -0.00569031 -0.00569031 -0.00569032
  1.0725 -0.0376707 -0.0376707 -0.0376707
   1.135 -0.063839 -0.063839 -0.063839
  1.1975 -0.0846475 -0.0846475 -0.0846475
    1.26 -0.100487 -0.100487 -0.100487
  1.3225 -0.111697 -0.111697 -0.111697
   1.385 -0.118576 -0.118576 -0.118576
  1.4475 -0.121389 -0.121389 -0.121389
    1.51 -0.120371 -0.120371 -0.120371
  1.5725 -0.115731 -0.115731 -0.115731
   1.635 -0.107659 -0.107659 -0.107659
  1.6975 -0.0963266 -0.0963266 -0.0963266
    1.76 -0.0818883 -0.0818883 -0.0818883
  1.8225 -0.064486 -0.064486 -0.064486
   1.885 -0.0442494 -0.0442494 -0.0442494
  1.9475 -0.0212975 -0.0212975 -0.0212975
    2.01 0.00426002 0.00426002 0.00426001
  2.0725 0.0323217 0.0323217 0.0323217
   2.135 0.0627937 0.0627937 0.0627936
  2.1975 0.0955885 0.0955885 0.0955885
    2.26 0.130625 0.130625 0.130625
  2.3225 0.167827 0.167827 0.167827
   2.385 0.207124 0.207124 0.207124
  2.4475 0.248449 0.248449 0.248449
    2.51 0.291739 0.291739 0.291739
  2.5725 0.336936 0.336936 0.336936
   2.635 0.383984 0.383984 0.383984
  2.6975  0.43283  0.43283  0.43283
    2.76 0.483426 0.483426 0.483426
  2.8225 0.535723 0.535723 0.535723
   2.885 0.589678 0.589678 0.589678
  2.9475 0.645249 0.645249 0.645249
    3.01 0.702395 0.702395 0.702395
  3.0725 0.761077 0.761077 0.761077
   3.135  0.82126  0.82126  0.82126
  3.1975 0.882909 0.882909 0.882909
    3.26  0.94599  0.94599  0.94599
  3.3225  1.01047  1.01047  1.01047
   3.385  1.07632  1.07632  1.07632
  3.4475  1.14352  1.14352  1.14352
    3.51  1.21202  1.21202  1.21202
  3.5725  1.28181  1.28181  1.28181
   3.635  1.35287  1.35287  1.35287
  3.6975  1.42516  1.42516  1.42516
    3.76  1.49866  1.49866  1.49866
  3.8225  1.57335  1.57335  1.57335
   3.885   1.6492   1.6492   1.6492
  3.9475  1.72621  1.72621  1.72621
    4.01  1.80433  1.80433  1.80433
  4.0725  1.88357  1.88357  1.88357
   4.135  1.96389  1.96389  1.96389
  4.1975  2.04528  2.04528  2.04528
    4.26  2.12772  2.12772  2.12772
  4.3225  2.21119  2.21119  2.21119
   4.385  2.29568  2.29568  2.29568
  4.4475  2.38117  2.38117  2.38117
    4.51  2.46764  2.46764  2.46764
  4.5725  2.55508  2.55508  2.55508
   4.635  2.64348  2.64348  2.64348
  4.6975  2.73281  2.73281  2.73281
    4.76  2.82308  2.82308  2.82308
  4.8225  2.91425  2.91425  2.91425
   4.885  3.00633  3.00633  3.00633
  4.9475  3.09929  3.09929  3.09929
