1.477121254719662 -0.4664914779705103
1.568201724066995 -0.6523310068556074
1.672097857935718 -1.109227739600007
1.770852011642144 -0.7998561985662016
1.8750612633917 -1.31641879952105
1.973127853599699 -1.301928105595187
2.075546961392531 -0.9247759668396058
2.176091259055681 -1.49838377683424
2.276461804173244 -1.286966978466578
2.376576957056512 -1.490139729296158
2.477121254719663 -1.456851312938559
2.576341350205793 -1.267127998806876
2.676693609624866 -1.381269695529491
2.776701183988411 -1.42120355778537
2.876794976200701 -1.18114462173424
2.976808337338066 -1.448275162504183
3.07700432679335 -1.336155275771469
3.176958980586908 -2.036647126292757
3.276921132065774 -2.075707034733
3.376941757146759 -1.811964589762436
3.477121254719663 -1.826056943207144
3.577031985626031 -1.549055407820449
3.677059177392161 -1.594745955692076
3.777064154742429 -2.118404489577403
3.877083256650651 -1.952290590623975
3.977083120315853 -2.046909117911603
4.077113432303761 -2.996448646088627
4.177103432436536 -2.332964711255949
4.277104727283855 -3.071203799790521
4.377105817269054 -2.764201832338044
4.477121254719663 -3.851768432075303
4.577112488264347 -2.510675680519078
4.677113986026343 -3.536113087346537
4.777114946448458 -2.090200437256737
4.877117837448931 -2.5986935018419
4.977119744913775 -3.029627888530703
5.077120705029969 -2.295145585262013
5.17712076343021 -2.608104062320467
5.277120788173334 -2.712870733384999
5.37712039739216 -2.819909440996072
5.477121254719663 -2.937789269878895
5.577120537707512 -3.416617882144123
5.67712037991646 -2.57800428254738
5.777120750836646 -3.095655728087034
5.877120719057834 -2.582713579128712
5.977121118276115 -2.898105157965869
6.077121068663082 -2.878992155255435
6.177121052274245 -2.787634563351554
6.277121247047163 -3.037379091878862
6.377121126385466 -3.140842912145454
6.477121254719663 -4.485721360326068
6.577121227652841 -2.920422892150698
6.677121201981216 -3.529944859922556
6.777121186162633 -3.013893646240978
6.877121237745406 -3.317100448010883
6.977121209833451 -3.352397517764777
7.077121250479525 -3.565572658215535
7.177121254464955 -3.790460124954439
7.277121247047163 -4.094223530079477
7.377121253959169 -4.124819658349583
7.477121254719663 -3.854740625876297
7.577121250651 -3.739005523411187
7.677121247651435 -5.513144130146303
7.777121251461494 -4.556362194173269
7.87712124927179 -5.784306727939335
7.977121251034245 -3.88322893579018
8.077121254115854 -4.398040202263228
8.177121254464955 -3.809003542968675
8.277121253930266 -4.833957913689208
8.377121253959169 -3.937051458844993
8.477121254719663 -4.304053834221022
