         1    4.78729    4.78728     4.7873
      1.07    4.77529    4.77528    4.77531
      1.14     4.7633    4.76328    4.76331
      1.21     4.7513    4.75128    4.75131
      1.28     4.7393    4.73929    4.73932
      1.35    4.72731    4.72729    4.72732
      1.42    4.71531    4.71529    4.71533
      1.49    4.70331    4.70329    4.70333
      1.56    4.69132     4.6913    4.69134
      1.63    4.67932     4.6793    4.67934
       1.7    4.66732     4.6673    4.66734
      1.77    4.65533     4.6553    4.65535
      1.84    4.64333    4.64331    4.64335
      1.91    4.63133    4.63131    4.63136
      1.98    4.61934    4.61931    4.61936
      2.05    4.60734    4.60732    4.60737
      2.12    4.59534    4.59532    4.59537
      2.19    4.58335    4.58332    4.58338
      2.26    4.57135    4.57132    4.57138
      2.33    4.55935    4.55933    4.55938
       2.4    4.54736    4.54733    4.54739
      2.47    4.53536    4.53533    4.53539
      2.54    4.52336    4.52333     4.5234
      2.61    4.51137    4.51134     4.5114
      2.68    4.49937    4.49934    4.49941
      2.75    4.48738    4.48734    4.48741
      2.82    4.47538    4.47534    4.47541
      2.89    4.46338    4.46335    4.46342
      2.96    4.45139    4.45135    4.45142
      3.03    4.43939    4.43935    4.43943
       3.1    4.42739    4.42735    4.42743
      3.17     4.4154    4.41536    4.41544
      3.24     4.4034    4.40336    4.40344
      3.31     4.3914    4.39136    4.39144
      3.38    4.37941    4.37936    4.37945
      3.45    4.36741    4.36737    4.36745
      3.52    4.35541    4.35537    4.35546
      3.59    4.34342    4.34337    4.34346
      3.66    4.33142    4.33137    4.33147
      3.73    4.31942    4.31938    4.31947
       3.8    4.30743    4.30738    4.30747
      3.87    4.29543    4.29538    4.29548
      3.94    4.28343    4.28338    4.28348
      4.01    4.27144    4.27139    4.27149
      4.08    4.25944    4.25939    4.25949
      4.15    4.24744    4.24739     4.2475
      4.22    4.23545    4.23539     4.2355
      4.29    4.22345     4.2234     4.2235
      4.36    4.21145     4.2114    4.21151
      4.43    4.19946     4.1994    4.19951
       4.5    4.18746     4.1874    4.18752
      4.57    4.17546    4.17541    4.17552
      4.64    4.16347    4.16341    4.16353
      4.71    4.15147    4.15141    4.15153
      4.78    4.13947    4.13942    4.13953
      4.85    4.12748    4.12742    4.12754
      4.92    4.11548    4.11542    4.11554
      4.99    4.10349    4.10342    4.10355
      5.06    4.09149    4.09143    4.09155
      5.13    4.07949    4.07943    4.07956
       5.2     4.0675    4.06743    4.06756
      5.27     4.0555    4.05543    4.05556
      5.34     4.0435    4.04344    4.04357
      5.41    4.03151    4.03144    4.03157
      5.48    4.01951    4.01944    4.01958
      5.55    4.00751    4.00744    4.00758
      5.62    3.99552    3.99545    3.99559
      5.69    3.98352    3.98345    3.98359
      5.76    3.97152    3.97145     3.9716
      5.83    3.95953    3.95945     3.9596
       5.9    3.94753    3.94746     3.9476
      5.97    3.93553    3.93546    3.93561
      6.04    3.92354    3.92346    3.92361
      6.11    3.91154    3.91146    3.91162
      6.18    3.89954    3.89947    3.89962
      6.25    3.88755    3.88747    3.88763
      6.32    3.87555    3.87547    3.87563
      6.39    3.86355    3.86347    3.86363
      6.46    3.85156    3.85148    3.85164
      6.53    3.83956    3.83948    3.83964
       6.6    3.82756    3.82748    3.82765
      6.67    3.81557    3.81548    3.81565
      6.74    3.80357    3.80349    3.80366
      6.81    3.79157    3.79149    3.79166
      6.88    3.77958    3.77949    3.77966
      6.95    3.76758    3.76749    3.76767
      7.02    3.75559     3.7555    3.75567
      7.09    3.74359     3.7435    3.74368
      7.16    3.73159     3.7315    3.73168
      7.23     3.7196     3.7195    3.71969
       7.3     3.7076    3.70751    3.70769
      7.37     3.6956    3.69551    3.69569
      7.44    3.68361    3.68351     3.6837
      7.51    3.67161    3.67152     3.6717
      7.58    3.65961    3.65952    3.65971
      7.65    3.64762    3.64752    3.64771
      7.72    3.63562    3.63552    3.63572
      7.79    3.62362    3.62353    3.62372
      7.86    3.61163    3.61153    3.61172
      7.93    3.59963    3.59953    3.59973
         8    3.58763    3.58753    3.58773
      8.07    3.57564    3.57554    3.57574
      8.14    3.56364    3.56354    3.56374
      8.21    3.55164    3.55154    3.55175
      8.28    3.53965    3.53954    3.53975
      8.35    3.52765    3.52755    3.52775
      8.42    3.51565    3.51555    3.51576
      8.49    3.50366    3.50355    3.50376
      8.56    3.49166    3.49155    3.49177
      8.63    3.47966    3.47956    3.47977
       8.7    3.46767    3.46756    3.46778
      8.77    3.45567    3.45556    3.45578
      8.84    3.44367    3.44356    3.44378
      8.91    3.43168    3.43157    3.43179
      8.98    3.41968    3.41957    3.41979
      9.05    3.40768    3.40757     3.4078
      9.12    3.39569    3.39557     3.3958
      9.19    3.38369    3.38358    3.38381
      9.26     3.3717    3.37158    3.37181
      9.33     3.3597    3.35958    3.35982
       9.4     3.3477    3.34758    3.34782
      9.47    3.33571    3.33559    3.33582
      9.54    3.32371    3.32359    3.32383
      9.61    3.31171    3.31159    3.31183
      9.68    3.29972    3.29959    3.29984
      9.75    3.28772     3.2876    3.28784
      9.82    3.27572     3.2756    3.27585
      9.89    3.26373     3.2636    3.26385
      9.96    3.25173    3.25161    3.25185
     10.03    3.23973    3.23961    3.23986
      10.1    3.22774    3.22761    3.22786
     10.17    3.21574    3.21561    3.21587
     10.24    3.20374    3.20362    3.20387
     10.31    3.19175    3.19162    3.19188
     10.38    3.17975    3.17962    3.17988
     10.45    3.16775    3.16762    3.16788
     10.52    3.15576    3.15563    3.15589
     10.59    3.14376    3.14363    3.14389
     10.66    3.13176    3.13163     3.1319
     10.73    3.11977    3.11963     3.1199
      10.8    3.10777    3.10764    3.10791
     10.87    3.09577    3.09564    3.09591
     10.94    3.08378    3.08364    3.08391
     11.01    3.07178    3.07164    3.07192
     11.08    3.05978    3.05965    3.05992
     11.15    3.04779    3.04765    3.04793
     11.22    3.03579    3.03565    3.03593
     11.29    3.02379    3.02365    3.02394
     11.36     3.0118    3.01166    3.01194
     11.43     2.9998    2.99966    2.99994
      11.5    2.98781    2.98766    2.98795
     11.57    2.97581    2.97566    2.97595
     11.64    2.96381    2.96367    2.96396
     11.71    2.95182    2.95167    2.95196
     11.78    2.93982    2.93967    2.93997
     11.85    2.92782    2.92767    2.92797
     11.92    2.91583    2.91568    2.91597
     11.99    2.90383    2.90368    2.90398
     12.06    2.89183    2.89168    2.89198
     12.13    2.87984    2.87968    2.87999
      12.2    2.86784    2.86769    2.86799
     12.27    2.85584    2.85569      2.856
     12.34    2.84385    2.84369      2.844
     12.41    2.83185    2.83169    2.83201
     12.48    2.81985     2.8197    2.82001
     12.55    2.80786     2.8077    2.80801
     12.62    2.79586     2.7957    2.79602
     12.69    2.78386    2.78371    2.78402
     12.76    2.77187    2.77171    2.77203
     12.83    2.75987    2.75971    2.76003
      12.9    2.74787    2.74771    2.74804
     12.97    2.73588    2.73572    2.73604
     13.04    2.72388    2.72372    2.72404
     13.11    2.71188    2.71172    2.71205
     13.18    2.69989    2.69972    2.70005
     13.25    2.68789    2.68773    2.68806
     13.32    2.67589    2.67573    2.67606
     13.39     2.6639    2.66373    2.66407
     13.46     2.6519    2.65173    2.65207
     13.53     2.6399    2.63974    2.64007
      13.6    2.62791    2.62774    2.62808
     13.67    2.61591    2.61574    2.61608
     13.74    2.60392    2.60374    2.60409
     13.81    2.59192    2.59175    2.59209
     13.88    2.57992    2.57975     2.5801
     13.95    2.56793    2.56775     2.5681
     14.02    2.55593    2.55575     2.5561
     14.09    2.54393    2.54376    2.54411
     14.16    2.53194    2.53176    2.53211
     14.23    2.51994    2.51976    2.52012
      14.3    2.50794    2.50776    2.50812
     14.37    2.49595    2.49577    2.49613
     14.44    2.48395    2.48377    2.48413
     14.51    2.47195    2.47177    2.47213
     14.58    2.45996    2.45977    2.46014
     14.65    2.44796    2.44778    2.44814
     14.72    2.43596    2.43578    2.43615
     14.79    2.42397    2.42378    2.42415
     14.86    2.41197    2.41178    2.41216
     14.93    2.39997    2.39979    2.40016
