-1 0.102791
-0.948718 0.208877
-0.897436 0.31935
-0.846154 0.424509
-0.794872 0.513485
-0.74359 0.575255
-0.692308 0.599842
-0.641026 0.579553
-0.589744 0.51012
-0.538462 0.391587
-0.487179 0.228788
-0.435897 0.0313295
-0.384615 -0.186972
-0.333333 -0.409186
-0.282051 -0.616793
-0.230769 -0.791494
-0.179487 -0.9171
-0.128205 -0.981273
-0.0769231 -0.976921
-0.025641 -0.903051
0.025641 -0.764982
0.0769231 -0.573867
0.128205 -0.345587
0.179487 -0.0991386
0.230769 0.145293
0.282051 0.368344
0.333333 0.553342
0.384615 0.687805
0.435897 0.764445
0.487179 0.781554
0.538462 0.74279
0.589744 0.656405
0.641026 0.534061
0.692308 0.389389
0.74359 0.236483
0.794872 0.0884914
0.846154 -0.0435242
0.897436 -0.151391
0.948718 -0.230221
1 -0.278412


-1 0.101885 -0.363021 2.29008 1.97172
-0.98 0.145741 -0.360539 2.1196 2.05539
-0.96 0.187452 -0.357206 2.06649 2.11659
-0.94 0.228817 -0.353043 2.07628 2.15278
-0.92 0.27061 -0.34805 2.10247 2.16167
-0.9 0.312804 -0.342216 2.11226 2.14124
-0.88 0.354864 -0.335539 2.08701 2.08987
-0.86 0.396 -0.328028 2.01937 2.00629
-0.84 0.435354 -0.319711 1.90913 1.88971
-0.82 0.472101 -0.310631 1.75935 1.73984
-0.8 0.50549 -0.300849 1.57381 1.55688
-0.78 0.534837 -0.290438 1.35563 1.34161
-0.76 0.559513 -0.279487 1.10706 1.09536
-0.74 0.578928 -0.268093 0.829848 0.820048
-0.72 0.592527 -0.256368 0.52579 0.518152
-0.7 0.599796 -0.244434 0.197273 0.19271
-0.68 0.600277 -0.232422 -0.152437 -0.15271
-0.66 0.593586 -0.220471 -0.519106 -0.514045
-0.64 0.579433 -0.208728 -0.897638 -0.886784
-0.62 0.557639 -0.197345 -1.28229 -1.26603
-0.6 0.528142 -0.186474 -1.66695 -1.64655
-0.58 0.491003 -0.17627 -2.0454 -2.0229
-0.56 0.446408 -0.166884 -2.41151 -2.38943
-0.54 0.394663 -0.158461 -2.75948 -2.74045
-0.52 0.336186 -0.151142 -3.08385 -3.07028
-0.5 0.2715 -0.145055 -3.37966 -3.37338
-0.48 0.201221 -0.140319 -3.64236 -3.6444
-0.46 0.126053 -0.137039 -3.86788 -3.87833
-0.44 0.0467777 -0.135304 -4.05256 -4.07058
-0.42 -0.0357554 -0.13519 -4.19315 -4.21707
-0.4 -0.120635 -0.13675 -4.28678 -4.31428
-0.38 -0.206897 -0.140024 -4.33102 -4.3594
-0.36 -0.293533 -0.145029 -4.32383 -4.35033
-0.34 -0.379498 -0.151761 -4.26373 -4.28577
-0.32 -0.463723 -0.160197 -4.14976 -4.16524
-0.3 -0.545127 -0.170291 -3.98164 -3.98913
-0.28 -0.62263 -0.181976 -3.75982 -3.75869
-0.26 -0.69517 -0.195163 -3.48557 -3.47604
-0.24 -0.761718 -0.209743 -3.16106 -3.14416
-0.22 -0.821298 -0.225586 -2.78938 -2.76683
-0.2 -0.873005 -0.242542 -2.37459 -2.3486
-0.18 -0.916027 -0.260448 -1.92164 -1.89472
-0.16 -0.949655 -0.279121 -1.43637 -1.41105
-0.14 -0.97331 -0.298367 -0.925394 -0.903996
-0.12 -0.986548 -0.317984 -0.395958 -0.380378
-0.1 -0.989077 -0.337758 0.144195 0.152653
-0.08 -0.980762 -0.357474 0.687014 0.687748
-0.06 -0.961633 -0.376916 1.22433 1.21748
-0.04 -0.93188 -0.395869 1.74804 1.73445
-0.02 -0.891854 -0.414123 2.25033 2.23144
6.17562e-16 -0.842059 -0.431478 2.7238 2.70151
0.02 -0.78314 -0.447745 3.16165 3.13813
0.04 -0.715871 -0.462748 3.55781 3.53526
0.06 -0.64114 -0.47633 3.90702 3.8875
0.08 -0.559932 -0.48835 4.20491 4.19012
0.1 -0.47331 -0.498691 4.44802 4.43918
0.12 -0.382394 -0.507254 4.63385 4.63159
0.14 -0.288348 -0.513966 4.76079 4.76511
0.16 -0.19236 -0.518775 4.82815 4.83844
0.18 -0.0956189 -0.521655 4.83607 4.85121
0.2 0.000693281 -0.522603 4.78551 4.80395
0.22 0.0954229 -0.521638 4.67816 4.69811
0.24 0.187457 -0.518804 4.51642 4.53603
0.26 0.275737 -0.514165 4.30332 4.32083
0.28 0.359272 -0.507806 4.04251 4.05641
0.3 0.437147 -0.499831 3.73817 3.74735
0.32 0.50854 -0.490363 3.39501 3.39882
0.34 0.572723 -0.479538 3.01816 3.01648
0.36 0.629078 -0.467506 2.61318 2.60638
0.38 0.677102 -0.45443 2.18597 2.17486
0.4 0.71641 -0.440481 1.74266 1.72843
0.42 0.746743 -0.425834 1.28961 1.27366
0.44 0.767972 -0.410672 0.833236 0.817061
0.46 0.780093 -0.395176 0.379947 0.365006
0.48 0.783232 -0.379528 -0.0639709 -0.0764004
0.5 0.777637 -0.363905 -0.492476 -0.501399
0.52 0.763674 -0.348478 -0.89988 -0.904666
0.54 0.741818 -0.33341 -1.28096 -1.28139
0.56 0.712642 -0.318854 -1.63108 -1.62731
0.58 0.676808 -0.304949 -1.94622 -1.93882
0.6 0.635049 -0.291821 -2.22313 -2.21295
0.62 0.588155 -0.279581 -2.4593 -2.44742
0.64 0.536959 -0.268324 -2.65306 -2.64065
0.66 0.482321 -0.258126 -2.80351 -2.79173
0.68 0.425108 -0.249048 -2.91058 -2.90047
0.7 0.366183 -0.241133 -2.97492 -2.9673
0.72 0.306387 -0.234407 -2.99789 -2.9933
0.74 0.24653 -0.228878 -2.98145 -2.9801
0.76 0.187375 -0.224541 -2.92811 -2.92986
0.78 0.129632 -0.221374 -2.84081 -2.8452
0.8 0.0739476 -0.219342 -2.72282 -2.72914
0.82 0.0209006 -0.218398 -2.57765 -2.58501
0.84 -0.0290017 -0.218485 -2.40896 -2.41642
0.86 -0.0753257 -0.219534 -2.22045 -2.22714
0.88 -0.117712 -0.221471 -2.0158 -2.02105
0.9 -0.155874 -0.224215 -1.7986 -1.80206
0.92 -0.189595 -0.227677 -1.57227 -1.57408
0.94 -0.218726 -0.231768 -1.34004 -1.34089
0.96 -0.243178 -0.236395 -1.10492 -1.10614
0.98 -0.262921 -0.241463 -0.869642 -0.873274


