-2 0.2 0.2 0 0 0.179652 0.179652
-1.996 0.200719 0.200719 0.000801437 0.000801437 0.179659 0.179659
-1.992 0.201437 0.201437 0.00160575 0.00160575 0.179679 0.179679
-1.988 0.202156 0.202156 0.00241294 0.00241294 0.179713 0.179713
-1.984 0.202875 0.202875 0.003223 0.003223 0.179761 0.179761
-1.98 0.203594 0.203594 0.00403594 0.00403594 0.179822 0.179822
-1.976 0.204314 0.204314 0.00485175 0.00485175 0.179896 0.179896
-1.972 0.205033 0.205033 0.00567045 0.00567045 0.179984 0.179984
-1.968 0.205754 0.205754 0.00649202 0.00649202 0.180086 0.180086
-1.964 0.206474 0.206474 0.00731647 0.00731647 0.180201 0.180201
-1.96 0.207195 0.207195 0.00814381 0.00814381 0.18033 0.18033
-1.956 0.207917 0.207917 0.00897404 0.00897404 0.180472 0.180472
-1.952 0.208639 0.208639 0.00980715 0.00980715 0.180628 0.180628
-1.948 0.209362 0.209362 0.0106431 0.0106431 0.180798 0.180798
-1.944 0.210085 0.210085 0.011482 0.011482 0.180981 0.180981
-1.94 0.21081 0.21081 0.0123238 0.0123238 0.181177 0.181177
-1.936 0.211535 0.211535 0.0131685 0.0131685 0.181388 0.181388
-1.932 0.212261 0.212261 0.0140161 0.0140161 0.181611 0.181611
-1.928 0.212988 0.212988 0.0148666 0.0148666 0.181848 0.181848
-1.924 0.213716 0.213716 0.01572 0.01572 0.182099 0.182099
-1.92 0.214444 0.214444 0.0165763 0.0165763 0.182364 0.182364
-1.916 0.215174 0.215174 0.0174356 0.0174356 0.182642 0.182642
-1.912 0.215906 0.215906 0.0182977 0.0182977 0.182933 0.182933
-1.908 0.216638 0.216638 0.0191628 0.0191628 0.183238 0.183238
-1.904 0.217372 0.217372 0.0200308 0.0200308 0.183557 0.183557
-1.9 0.218106 0.218106 0.0209018 0.0209018 0.183889 0.183889
-1.896 0.218843 0.218843 0.0217757 0.0217757 0.184235 0.184235
-1.892 0.21958 0.21958 0.0226525 0.0226525 0.184594 0.184594
-1.888 0.220319 0.220319 0.0235323 0.0235323 0.184967 0.184967
-1.884 0.22106 0.22106 0.0244151 0.0244151 0.185353 0.185353
-1.88 0.221802 0.221802 0.0253008 0.0253008 0.185753 0.185753
-1.876 0.222546 0.222546 0.0261895 0.0261895 0.186166 0.186166
-1.872 0.223292 0.223292 0.0270812 0.0270812 0.186593 0.186593
-1.868 0.224039 0.224039 0.0279758 0.0279758 0.187034 0.187034
-1.864 0.224788 0.224788 0.0288735 0.0288735 0.187488 0.187488
-1.86 0.225539 0.225539 0.0297742 0.0297742 0.187956 0.187956
-1.856 0.226292 0.226292 0.0306778 0.0306778 0.188437 0.188437
-1.852 0.227046 0.227046 0.0315845 0.0315845 0.188932 0.188932
-1.848 0.227803 0.227803 0.0324942 0.0324942 0.18944 0.18944
-1.844 0.228562 0.228562 0.0334069 0.0334069 0.189962 0.189962
-1.84 0.229323 0.229323 0.0343227 0.0343227 0.190498 0.190498
-1.836 0.230086 0.230086 0.0352415 0.0352415 0.191047 0.191047
-1.832 0.230851 0.230851 0.0361634 0.0361634 0.19161 0.19161
-1.828 0.231619 0.231619 0.0370883 0.0370883 0.192186 0.192186
-1.824 0.232389 0.232389 0.0380163 0.0380163 0.192775 0.192775
-1.82 0.233161 0.233161 0.0389474 0.0389474 0.193379 0.193379
-1.816 0.233936 0.233936 0.0398816 0.0398816 0.193996 0.193996
-1.812 0.234713 0.234713 0.0408189 0.0408189 0.194626 0.194626
-1.808 0.235493 0.235493 0.0417593 0.0417593 0.19527 0.19527
-1.804 0.236275 0.236275 0.0427029 0.0427029 0.195927 0.195927
-1.8 0.23706 0.23706 0.0436495 0.0436495 0.196598 0.196598
-1.796 0.237848 0.237848 0.0445993 0.0445993 0.197283 0.197283
-1.792 0.238638 0.238638 0.0455523 0.0455523 0.197981 0.197981
-1.788 0.239432 0.239432 0.0465085 0.0465085 0.198693 0.198693
-1.784 0.240228 0.240228 0.0474678 0.0474678 0.199418 0.199418
-1.78 0.241027 0.241027 0.0484303 0.0484303 0.200157 0.200157
-1.776 0.241829 0.241829 0.049396 0.049396 0.20091 0.20091
-1.772 0.242634 0.242634 0.0503649 0.0503649 0.201676 0.201676
-1.768 0.243443 0.243443 0.0513371 0.0513371 0.202455 0.202455
-1.764 0.244254 0.244254 0.0523125 0.0523125 0.203248 0.203248
-1.76 0.245069 0.245069 0.0532911 0.0532911 0.204055 0.204055
-1.756 0.245887 0.245887 0.054273 0.054273 0.204875 0.204875
-1.752 0.246708 0.246708 0.0552582 0.0552582 0.205709 0.205709
-1.748 0.247532 0.247532 0.0562467 0.0562467 0.206556 0.206556
-1.744 0.24836 0.24836 0.0572385 0.0572385 0.207417 0.207417
-1.74 0.249192 0.249192 0.0582336 0.0582336 0.208291 0.208291
-1.736 0.250027 0.250027 0.059232 0.059232 0.209179 0.209179
-1.732 0.250865 0.250865 0.0602338 0.0602338 0.210081 0.210081
-1.728 0.251707 0.251707 0.0612389 0.0612389 0.210996 0.210996
-1.724 0.252553 0.252553 0.0622475 0.0622475 0.211925 0.211925
-1.72 0.253403 0.253403 0.0632594 0.0632594 0.212867 0.212867
-1.716 0.254256 0.254256 0.0642747 0.0642747 0.213823 0.213823
-1.712 0.255113 0.255113 0.0652934 0.0652934 0.214792 0.214792
-1.708 0.255974 0.255974 0.0663156 0.0663156 0.215775 0.215775
-1.704 0.256839 0.256839 0.0673412 0.0673412 0.216771 0.216771
-1.7 0.257709 0.257709 0.0683703 0.0683703 0.217781 0.217781
-1.696 0.258582 0.258582 0.0694029 0.0694029 0.218805 0.218805
-1.692 0.259459 0.259459 0.070439 0.070439 0.219842 0.219842
-1.688 0.26034 0.26034 0.0714786 0.0714786 0.220893 0.220893
-1.684 0.261226 0.261226 0.0725217 0.0725217 0.221957 0.221957
-1.68 0.262116 0.262116 0.0735684 0.0735684 0.223035 0.223035
-1.676 0.26301 0.26301 0.0746186 0.0746186 0.224126 0.224126
-1.672 0.263909 0.263909 0.0756725 0.0756725 0.225231 0.225231
-1.668 0.264812 0.264812 0.0767299 0.0767299 0.226349 0.226349
-1.664 0.26572 0.26572 0.077791 0.077791 0.227481 0.227481
-1.66 0.266632 0.266632 0.0788557 0.0788557 0.228627 0.228627
-1.656 0.267549 0.267549 0.079924 0.079924 0.229786 0.229786
-1.652 0.268471 0.268471 0.0809961 0.0809961 0.230959 0.230959
-1.648 0.269397 0.269397 0.0820718 0.0820718 0.232145 0.232145
-1.644 0.270328 0.270328 0.0831513 0.0831513 0.233345 0.233345
-1.64 0.271263 0.271263 0.0842344 0.0842344 0.234558 0.234558
-1.636 0.272204 0.272204 0.0853214 0.0853214 0.235785 0.235785
-1.632 0.27315 0.27315 0.0864121 0.0864121 0.237025 0.237025
-1.628 0.2741 0.2741 0.0875066 0.0875066 0.238279 0.238279
-1.624 0.275056 0.275056 0.0886049 0.0886049 0.239547 0.239547
-1.62 0.276017 0.276017 0.089707 0.089707 0.240828 0.240828
-1.616 0.276983 0.276983 0.090813 0.090813 0.242123 0.242123
-1.612 0.277954 0.277954 0.0919229 0.0919229 0.243431 0.243431
-1.608 0.27893 0.27893 0.0930367 0.0930367 0.244753 0.244753
-1.604 0.279912 0.279912 0.0941544 0.0941544 0.246088 0.246088
-1.6 0.280899 0.280899 0.095276 0.095276 0.247437 0.247437
-1.596 0.281891 0.281891 0.0964016 0.0964016 0.248795 0.248795
-1.592 0.282889 0.282889 0.0975311 0.0975311 0.250157 0.250157
-1.588 0.283893 0.283893 0.0986647 0.0986647 0.251523 0.251523
-1.584 0.284901 0.284901 0.0998023 0.0998023 0.252894 0.252894
-1.58 0.285916 0.285916 0.100944 0.100944 0.254269 0.254269
-1.576 0.286936 0.286936 0.10209 0.10209 0.255648 0.255648
-1.572 0.287961 0.287961 0.103239 0.103239 0.257032 0.257032
-1.568 0.288992 0.288992 0.104393 0.104393 0.258419 0.258419
-1.564 0.290028 0.290028 0.105551 0.105551 0.259811 0.259811
-1.56 0.29107 0.29107 0.106714 0.106714 0.261208 0.261208
-1.556 0.292118 0.292118 0.10788 0.10788 0.262608 0.262608
-1.552 0.293171 0.293171 0.10905 0.10905 0.264013 0.264013
-1.548 0.29423 0.29423 0.110225 0.110225 0.265422 0.265422
-1.544 0.295295 0.295295 0.111404 0.111404 0.266835 0.266835
-1.54 0.296365 0.296365 0.112588 0.112588 0.268253 0.268253
-1.536 0.297441 0.297441 0.113775 0.113775 0.269675 0.269675
-1.532 0.298522 0.298522 0.114967 0.114967 0.271101 0.271101
-1.528 0.299609 0.299609 0.116163 0.116163 0.272532 0.272532
-1.524 0.300702 0.300702 0.117364 0.117364 0.273966 0.273966
-1.52 0.301801 0.301801 0.118569 0.118569 0.275405 0.275405
-1.516 0.302906 0.302906 0.119778 0.119778 0.276849 0.276849
-1.512 0.304016 0.304016 0.120992 0.120992 0.278296 0.278296
-1.508 0.305132 0.305132 0.122211 0.122211 0.279748 0.279748
-1.504 0.306254 0.306254 0.123433 0.123433 0.281204 0.281204
-1.5 0.307382 0.307382 0.124661 0.124661 0.282665 0.282665
-1.496 0.308515 0.308515 0.125892 0.125892 0.284129 0.284129
-1.492 0.309655 0.309655 0.127129 0.127129 0.285598 0.285598
-1.488 0.3108 0.3108 0.12837 0.12837 0.287071 0.287071
-1.484 0.311951 0.311951 0.129615 0.129615 0.288549 0.288549
-1.48 0.313108 0.313108 0.130865 0.130865 0.290031 0.290031
-1.476 0.314272 0.314272 0.13212 0.13212 0.291517 0.291517
-1.472 0.315441 0.315441 0.133379 0.133379 0.293007 0.293007
-1.468 0.316616 0.316616 0.134644 0.134644 0.294501 0.294501
-1.464 0.317797 0.317797 0.135912 0.135912 0.296 0.296
-1.46 0.318984 0.318984 0.137186 0.137186 0.297503 0.297503
-1.456 0.320177 0.320177 0.138464 0.138464 0.299011 0.299011
-1.452 0.321376 0.321376 0.139747 0.139747 0.300522 0.300522
-1.448 0.322581 0.322581 0.141035 0.141035 0.302038 0.302038
-1.444 0.323792 0.323792 0.142328 0.142328 0.303559 0.303559
-1.44 0.325009 0.325009 0.143626 0.143626 0.305083 0.305083
-1.436 0.326233 0.326233 0.144928 0.144928 0.306612 0.306612
-1.432 0.327462 0.327462 0.146236 0.146236 0.308145 0.308145
-1.428 0.328698 0.328698 0.147548 0.147548 0.309682 0.309682
-1.424 0.32994 0.32994 0.148865 0.148865 0.311224 0.311224
-1.42 0.331188 0.331188 0.150187 0.150187 0.312769 0.312769
-1.416 0.332442 0.332442 0.151515 0.151515 0.31432 0.31432
-1.412 0.333702 0.333702 0.152847 0.152847 0.315874 0.315874
-1.408 0.334969 0.334969 0.154184 0.154184 0.317433 0.317433
-1.404 0.336242 0.336242 0.155527 0.155527 0.318995 0.318995
-1.4 0.337521 0.337521 0.156874 0.156874 0.320563 0.320563
-1.396 0.338806 0.338806 0.158227 0.158227 0.322134 0.322134
-1.392 0.340098 0.340098 0.159585 0.159585 0.32371 0.32371
-1.388 0.341396 0.341396 0.160948 0.160948 0.32529 0.32529
-1.384 0.3427 0.3427 0.162316 0.162316 0.326874 0.326874
-1.38 0.344011 0.344011 0.163689 0.163689 0.328463 0.328463
-1.376 0.345328 0.345328 0.165068 0.165068 0.330056 0.330056
-1.372 0.346651 0.346651 0.166452 0.166452 0.331653 0.331653
-1.368 0.347981 0.347981 0.167841 0.167841 0.333254 0.333254
-1.364 0.349317 0.349317 0.169236 0.169236 0.33486 0.33486
-1.36 0.35066 0.35066 0.170636 0.170636 0.33647 0.33647
-1.356 0.352009 0.352009 0.172041 0.172041 0.338084 0.338084
-1.352 0.353365 0.353365 0.173452 0.173452 0.339702 0.339702
-1.348 0.354727 0.354727 0.174868 0.174868 0.341325 0.341325
-1.344 0.356095 0.356095 0.17629 0.17629 0.342952 0.342952
-1.34 0.35747 0.35747 0.177717 0.177717 0.344583 0.344583
-1.336 0.358852 0.358852 0.179149 0.179149 0.346219 0.346219
-1.332 0.36024 0.36024 0.180588 0.180588 0.347859 0.347859
-1.328 0.361635 0.361635 0.182031 0.182031 0.349503 0.349503
-1.324 0.363036 0.363036 0.183481 0.183481 0.351151 0.351151
-1.32 0.364444 0.364444 0.184936 0.184936 0.352804 0.352804
-1.316 0.365859 0.365859 0.186396 0.186396 0.354461 0.354461
-1.312 0.36728 0.36728 0.187862 0.187862 0.356122 0.356122
-1.308 0.368708 0.368708 0.189334 0.189334 0.357787 0.357787
-1.304 0.370142 0.370142 0.190812 0.190812 0.359457 0.359457
-1.3 0.371583 0.371583 0.192296 0.192296 0.361131 0.361131
-1.296 0.373031 0.373031 0.193785 0.193785 0.362809 0.362809
-1.292 0.374486 0.374486 0.19528 0.19528 0.364492 0.364492
-1.288 0.375947 0.375947 0.196781 0.196781 0.366179 0.366179
-1.284 0.377415 0.377415 0.198287 0.198287 0.36787 0.36787
-1.28 0.37889 0.37889 0.1998 0.1998 0.369565 0.369565
-1.276 0.380372 0.380372 0.201319 0.201319 0.371265 0.371265
-1.272 0.38186 0.38186 0.202843 0.202843 0.372969 0.372969
-1.268 0.383355 0.383355 0.204373 0.204373 0.374677 0.374677
-1.264 0.384858 0.384858 0.20591 0.20591 0.37639 0.37639
-1.26 0.386367 0.386367 0.207452 0.207452 0.378106 0.378106
-1.256 0.387882 0.387882 0.209001 0.209001 0.379827 0.379827
-1.252 0.389405 0.389405 0.210555 0.210555 0.381553 0.381553
-1.248 0.390935 0.390935 0.212116 0.212116 0.383282 0.383282
-1.244 0.392471 0.392471 0.213683 0.213683 0.385016 0.385016
-1.24 0.394015 0.394015 0.215256 0.215256 0.386754 0.386754
-1.236 0.395566 0.395566 0.216835 0.216835 0.388496 0.388496
-1.232 0.397123 0.397123 0.21842 0.21842 0.390243 0.390243
-1.228 0.398687 0.398687 0.220012 0.220012 0.391994 0.391994
-1.224 0.400259 0.400259 0.22161 0.22161 0.393749 0.393749
-1.22 0.401837 0.401837 0.223214 0.223214 0.395509 0.395509
-1.216 0.403423 0.403423 0.224825 0.224825 0.397272 0.397272
-1.212 0.405016 0.405016 0.226441 0.226441 0.39904 0.39904
-1.208 0.406615 0.406615 0.228065 0.228065 0.400813 0.400813
-1.204 0.408222 0.408222 0.229694 0.229694 0.402589 0.402589
-1.2 0.409836 0.409836 0.231331 0.231331 0.40437 0.40437
-1.196 0.411457 0.411457 0.232973 0.232973 0.406155 0.406155
-1.192 0.413085 0.413085 0.234622 0.234622 0.407944 0.407944
-1.188 0.414721 0.414721 0.236278 0.236278 0.409736 0.409736
-1.184 0.416363 0.416363 0.23794 0.23794 0.411532 0.411532
-1.18 0.418013 0.418013 0.239609 0.239609 0.413332 0.413332
-1.176 0.41967 0.41967 0.241284 0.241284 0.415136 0.415136
-1.172 0.421334 0.421334 0.242966 0.242966 0.416943 0.416943
-1.168 0.423005 0.423005 0.244655 0.244655 0.418754 0.418754
-1.164 0.424684 0.424684 0.24635 0.24635 0.420569 0.420569
-1.16 0.42637 0.42637 0.248052 0.248052 0.422388 0.422388
-1.156 0.428063 0.428063 0.249761 0.249761 0.424211 0.424211
-1.152 0.429764 0.429764 0.251477 0.251477 0.426037 0.426037
-1.148 0.431471 0.431471 0.253199 0.253199 0.427867 0.427867
-1.144 0.433187 0.433187 0.254929 0.254929 0.429701 0.429701
-1.14 0.434909 0.434909 0.256665 0.256665 0.431539 0.431539
-1.136 0.436639 0.436639 0.258408 0.258408 0.43338 0.43338
-1.132 0.438376 0.438376 0.260158 0.260158 0.435225 0.435225
-1.128 0.440121 0.440121 0.261915 0.261915 0.437074 0.437074
-1.124 0.441873 0.441873 0.263679 0.263679 0.438927 0.438927
-1.12 0.443632 0.443632 0.26545 0.26545 0.440783 0.440783
-1.116 0.445399 0.445399 0.267228 0.267228 0.442643 0.442643
-1.112 0.447173 0.447173 0.269013 0.269013 0.444507 0.444507
-1.108 0.448955 0.448955 0.270805 0.270805 0.446375 0.446375
-1.104 0.450744 0.450744 0.272605 0.272605 0.448247 0.448247
-1.1 0.452541 0.452541 0.274411 0.274411 0.450122 0.450122
-1.096 0.454345 0.454345 0.276225 0.276225 0.452001 0.452001
-1.092 0.456157 0.456157 0.278046 0.278046 0.453884 0.453884
-1.088 0.457976 0.457976 0.279874 0.279874 0.455771 0.455771
-1.084 0.459803 0.459803 0.28171 0.28171 0.457661 0.457661
-1.08 0.461638 0.461638 0.283553 0.283553 0.459555 0.459555
-1.076 0.46348 0.46348 0.285403 0.285403 0.461453 0.461453
-1.072 0.465329 0.465329 0.287261 0.287261 0.463355 0.463355
-1.068 0.467187 0.467187 0.289126 0.289126 0.46526 0.46526
-1.064 0.469051 0.469051 0.290998 0.290998 0.467169 0.467169
-1.06 0.470924 0.470924 0.292878 0.292878 0.469082 0.469082
-1.056 0.472804 0.472804 0.294765 0.294765 0.470999 0.470999
-1.052 0.474692 0.474692 0.29666 0.29666 0.47292 0.47292
-1.048 0.476587 0.476587 0.298563 0.298563 0.474844 0.474844
-1.044 0.478491 0.478491 0.300473 0.300473 0.476772 0.476772
-1.04 0.480402 0.480402 0.302391 0.302391 0.478704 0.478704
-1.036 0.48232 0.48232 0.304316 0.304316 0.48064 0.48064
-1.032 0.484247 0.484247 0.30625 0.30625 0.482579 0.482579
-1.028 0.486181 0.486181 0.30819 0.30819 0.484522 0.484522
-1.024 0.488123 0.488123 0.310139 0.310139 0.486469 0.486469
-1.02 0.490073 0.490073 0.312095 0.312095 0.48842 0.48842
-1.016 0.49203 0.49203 0.31406 0.31406 0.490374 0.490374
-1.012 0.493996 0.493996 0.316032 0.316032 0.492332 0.492332
-1.008 0.495969 0.495969 0.318012 0.318012 0.494294 0.494294
-1.004 0.49795 0.49795 0.319999 0.319999 0.49626 0.49626
-1 0.499939 0.499939 0.321995 0.321995 0.49823 0.49823
-0.996 0.501936 0.501936 0.323999 0.323999 0.500203 0.500203
-0.992 0.503941 0.503941 0.326011 0.326011 0.50218 0.50218
-0.988 0.505953 0.505953 0.32803 0.32803 0.504161 0.504161
-0.984 0.507974 0.507974 0.330058 0.330058 0.506145 0.506145
-0.98 0.510002 0.510002 0.332094 0.332094 0.508134 0.508134
-0.976 0.512039 0.512039 0.334138 0.334138 0.510126 0.510126
-0.972 0.514083 0.514083 0.336191 0.336191 0.512122 0.512122
-0.968 0.516136 0.516136 0.338251 0.338251 0.514122 0.514122
-0.964 0.518196 0.518196 0.34032 0.34032 0.516125 0.516125
-0.96 0.520265 0.520265 0.342397 0.342397 0.518132 0.518132
-0.956 0.522342 0.522342 0.344482 0.344482 0.520143 0.520143
-0.952 0.524426 0.524426 0.346575 0.346575 0.522158 0.522158
-0.948 0.526519 0.526519 0.348677 0.348677 0.524177 0.524177
-0.944 0.52862 0.52862 0.350787 0.350787 0.526199 0.526199
-0.94 0.530728 0.530728 0.352906 0.352906 0.528225 0.528225
-0.936 0.532845 0.532845 0.355033 0.355033 0.530255 0.530255
-0.932 0.53497 0.53497 0.357169 0.357169 0.532288 0.532288
-0.928 0.537104 0.537104 0.359313 0.359313 0.534326 0.534326
-0.924 0.539245 0.539245 0.361466 0.361466 0.536367 0.536367
-0.92 0.541395 0.541395 0.363627 0.363627 0.538412 0.538412
-0.916 0.543552 0.543552 0.365797 0.365797 0.54046 0.54046
-0.912 0.545718 0.545718 0.367976 0.367976 0.542513 0.542513
-0.908 0.547892 0.547892 0.370163 0.370163 0.544569 0.544569
-0.904 0.550075 0.550075 0.372359 0.372359 0.546629 0.546629
-0.9 0.552265 0.552265 0.374563 0.374563 0.548693 0.548693
-0.896 0.554464 0.554464 0.376777 0.376777 0.55076 0.55076
-0.892 0.556672 0.556672 0.378999 0.378999 0.552832 0.552832
-0.888 0.558887 0.558887 0.38123 0.38123 0.554907 0.554907
-0.884 0.561111 0.561111 0.38347 0.38347 0.556986 0.556986
-0.88 0.563343 0.563343 0.385719 0.385719 0.559068 0.559068
-0.876 0.565583 0.565583 0.387977 0.387977 0.561155 0.561155
-0.872 0.567832 0.567832 0.390244 0.390244 0.563245 0.563245
-0.868 0.570089 0.570089 0.39252 0.39252 0.565339 0.565339
-0.864 0.572355 0.572355 0.394804 0.394804 0.567436 0.567436
-0.86 0.574629 0.574629 0.397098 0.397098 0.569538 0.569538
-0.856 0.576911 0.576911 0.399402 0.399402 0.571643 0.571643
-0.852 0.579202 0.579202 0.401714 0.401714 0.573752 0.573752
-0.848 0.581501 0.581501 0.404035 0.404035 0.575865 0.575865
-0.844 0.583809 0.583809 0.406366 0.406366 0.577981 0.577981
-0.84 0.586125 0.586125 0.408706 0.408706 0.580102 0.580102
-0.836 0.58845 0.58845 0.411055 0.411055 0.582226 0.582226
-0.832 0.590783 0.590783 0.413413 0.413413 0.584353 0.584353
-0.828 0.593125 0.593125 0.415781 0.415781 0.586485 0.586485
-0.824 0.595475 0.595475 0.418158 0.418158 0.58862 0.58862
-0.82 0.597834 0.597834 0.420545 0.420545 0.59076 0.59076
-0.816 0.600201 0.600201 0.422941 0.422941 0.592903 0.592903
-0.812 0.602577 0.602577 0.425346 0.425346 0.595049 0.595049
-0.808 0.604961 0.604961 0.427762 0.427762 0.5972 0.5972
-0.804 0.607354 0.607354 0.430186 0.430186 0.599354 0.599354
-0.8 0.609756 0.609756 0.43262 0.43262 0.601512 0.601512
-0.796 0.612166 0.612166 0.435064 0.435064 0.603648 0.603648
-0.792 0.614585 0.614585 0.437518 0.437518 0.605737 0.605737
-0.788 0.617012 0.617012 0.439981 0.439981 0.607779 0.607779
-0.784 0.619447 0.619447 0.442454 0.442454 0.609773 0.609773
-0.78 0.62189 0.62189 0.444937 0.444937 0.611721 0.611721
-0.776 0.624341 0.624341 0.447429 0.447429 0.613621 0.613621
-0.772 0.626799 0.626799 0.449931 0.449931 0.615474 0.615474
-0.768 0.629265 0.629265 0.452443 0.452443 0.617279 0.617279
-0.764 0.631737 0.631737 0.454965 0.454965 0.619038 0.619038
-0.76 0.634217 0.634217 0.457497 0.457497 0.620749 0.620749
-0.756 0.636703 0.636703 0.460039 0.460039 0.622413 0.622413
-0.752 0.639196 0.639196 0.462591 0.462591 0.624029 0.624029
-0.748 0.641696 0.641696 0.465153 0.465153 0.625599 0.625599
-0.744 0.644201 0.644201 0.467725 0.467725 0.627121 0.627121
-0.74 0.646712 0.646712 0.470306 0.470306 0.628596 0.628596
-0.736 0.64923 0.64923 0.472898 0.472898 0.630024 0.630024
-0.732 0.651753 0.651753 0.4755 0.4755 0.631404 0.631404
-0.728 0.654281 0.654281 0.478112 0.478112 0.632738 0.632738
-0.724 0.656814 0.656814 0.480734 0.480734 0.634024 0.634024
-0.72 0.659353 0.659353 0.483367 0.483367 0.635262 0.635262
-0.716 0.661896 0.661896 0.486009 0.486009 0.636454 0.636454
-0.712 0.664445 0.664445 0.488662 0.488662 0.637598 0.637598
-0.708 0.666997 0.666997 0.491325 0.491325 0.638695 0.638695
-0.704 0.669554 0.669554 0.493998 0.493998 0.639745 0.639745
-0.7 0.672115 0.672115 0.496681 0.496681 0.640748 0.640748
-0.696 0.67468 0.67468 0.499375 0.499375 0.641703 0.641703
-0.692 0.677249 0.677249 0.502079 0.502079 0.642612 0.642612
-0.688 0.679821 0.679821 0.504793 0.504793 0.643472 0.643472
-0.684 0.682396 0.682396 0.507517 0.507517 0.644286 0.644286
-0.68 0.684975 0.684975 0.510252 0.510252 0.645053 0.645053
-0.676 0.687557 0.687557 0.512997 0.512997 0.645772 0.645772
-0.672 0.690141 0.690141 0.515752 0.515752 0.646444 0.646444
-0.668 0.692728 0.692728 0.518518 0.518518 0.647069 0.647069
-0.664 0.695318 0.695318 0.521294 0.521294 0.647646 0.647646
-0.66 0.697909 0.697909 0.524081 0.524081 0.648177 0.648177
-0.656 0.700503 0.700503 0.526878 0.526878 0.64866 0.64866
-0.652 0.703099 0.703099 0.529685 0.529685 0.649095 0.649095
-0.648 0.705696 0.705696 0.532502 0.532502 0.649484 0.649484
-0.644 0.708294 0.708294 0.53533 0.53533 0.649825 0.649825
-0.64 0.710894 0.710894 0.538169 0.538169 0.65012 0.65012
-0.636 0.713495 0.713495 0.541018 0.541018 0.650366 0.650366
-0.632 0.716097 0.716097 0.543877 0.543877 0.650566 0.650566
-0.628 0.7187 0.7187 0.546746 0.546746 0.650719 0.650719
-0.624 0.721303 0.721303 0.549626 0.549626 0.650824 0.650824
-0.62 0.723906 0.723906 0.552517 0.552517 0.650882 0.650882
-0.616 0.72651 0.72651 0.555418 0.555418 0.650892 0.650892
-0.612 0.729113 0.729113 0.558329 0.558329 0.650856 0.650856
-0.608 0.731717 0.731717 0.56125 0.56125 0.650772 0.650772
-0.604 0.734319 0.734319 0.564183 0.564183 0.650641 0.650641
-0.6 0.736922 0.736922 0.567125 0.567125 0.650463 0.650463
-0.596 0.739523 0.739523 0.570078 0.570078 0.650238 0.650238
-0.592 0.742123 0.742123 0.573041 0.573041 0.649965 0.649965
-0.588 0.744723 0.744723 0.576015 0.576015 0.649645 0.649645
-0.584 0.747321 0.747321 0.578999 0.578999 0.649278 0.649278
-0.58 0.749917 0.749917 0.581993 0.581993 0.648863 0.648863
-0.576 0.752511 0.752511 0.584998 0.584998 0.648402 0.648402
-0.572 0.755104 0.755104 0.588014 0.588014 0.647893 0.647893
-0.568 0.757695 0.757695 0.591039 0.591039 0.647337 0.647337
-0.564 0.760283 0.760283 0.594075 0.594075 0.646734 0.646734
-0.56 0.762868 0.762868 0.597121 0.597121 0.646083 0.646083
-0.556 0.765451 0.765451 0.600178 0.600178 0.645385 0.645385
-0.552 0.768031 0.768031 0.603245 0.603245 0.64464 0.64464
-0.548 0.770608 0.770608 0.606322 0.606322 0.643848 0.643848
-0.544 0.773182 0.773182 0.60941 0.60941 0.643008 0.643008
-0.54 0.775752 0.775752 0.612508 0.612508 0.642122 0.642122
-0.536 0.778319 0.778319 0.615616 0.615616 0.641188 0.641188
-0.532 0.780882 0.780882 0.618734 0.618734 0.640207 0.640207
-0.528 0.783441 0.783441 0.621863 0.621863 0.639178 0.639178
-0.524 0.785995 0.785995 0.625002 0.625002 0.638103 0.638103
-0.52 0.788545 0.788545 0.628151 0.628151 0.63698 0.63698
-0.516 0.791091 0.791091 0.63131 0.63131 0.63581 0.63581
-0.512 0.793632 0.793632 0.63448 0.63448 0.634592 0.634592
-0.508 0.796168 0.796168 0.637659 0.637659 0.633328 0.633328
-0.504 0.798698 0.798698 0.640849 0.640849 0.632016 0.632016
-0.5 0.801224 0.801224 0.644049 0.644049 0.630657 0.630657
-0.496 0.803743 0.803743 0.647259 0.647259 0.62925 0.62925
-0.492 0.806258 0.806258 0.650479 0.650479 0.627797 0.627797
-0.488 0.808766 0.808766 0.653709 0.653709 0.626296 0.626296
-0.484 0.811268 0.811268 0.656949 0.656949 0.624748 0.624748
-0.48 0.813764 0.813764 0.660199 0.660199 0.623153 0.623153
-0.476 0.816253 0.816253 0.663459 0.663459 0.621511 0.621511
-0.472 0.818736 0.818736 0.666729 0.666729 0.619821 0.619821
-0.468 0.821212 0.821212 0.670009 0.670009 0.618084 0.618084
-0.464 0.82368 0.82368 0.673299 0.673299 0.6163 0.6163
-0.46 0.826142 0.826142 0.676598 0.676598 0.614468 0.614468
-0.456 0.828596 0.828596 0.679908 0.679908 0.61259 0.61259
-0.452 0.831043 0.831043 0.683227 0.683227 0.610664 0.610664
-0.448 0.833481 0.833481 0.686556 0.686556 0.608691 0.608691
-0.444 0.835912 0.835912 0.689895 0.689895 0.60667 0.60667
-0.44 0.838335 0.838335 0.693243 0.693243 0.604603 0.604603
-0.436 0.840749 0.840749 0.696602 0.696602 0.602488 0.602488
-0.432 0.843154 0.843154 0.699969 0.699969 0.600326 0.600326
-0.428 0.845551 0.845551 0.703347 0.703347 0.598117 0.598117
-0.424 0.847939 0.847939 0.706734 0.706734 0.59586 0.59586
-0.42 0.850318 0.850318 0.71013 0.71013 0.593557 0.593557
-0.416 0.852688 0.852688 0.713536 0.713536 0.591206 0.591206
-0.412 0.855048 0.855048 0.716952 0.716952 0.588807 0.588807
-0.408 0.857398 0.857398 0.720377 0.720377 0.586362 0.586362
-0.404 0.859739 0.859739 0.723811 0.723811 0.583869 0.583869
-0.4 0.862069 0.862069 0.727255 0.727255 0.581329 0.581329
-0.396 0.864389 0.864389 0.730707 0.730707 0.578733 0.578733
-0.392 0.866699 0.866699 0.73417 0.73417 0.576072 0.576072
-0.388 0.868998 0.868998 0.737641 0.737641 0.573346 0.573346
-0.384 0.871285 0.871285 0.741122 0.741122 0.570555 0.570555
-0.38 0.873562 0.873562 0.744611 0.744611 0.567699 0.567699
-0.376 0.875827 0.875827 0.74811 0.74811 0.564778 0.564778
-0.372 0.87808 0.87808 0.751618 0.751618 0.561792 0.561792
-0.368 0.880321 0.880321 0.755135 0.755135 0.558741 0.558741
-0.364 0.88255 0.88255 0.75866 0.75866 0.555625 0.555625
-0.36 0.884766 0.884766 0.762195 0.762195 0.552444 0.552444
-0.356 0.886969 0.886969 0.765739 0.765739 0.549198 0.549198
-0.352 0.88916 0.88916 0.769291 0.769291 0.545887 0.545887
-0.348 0.891336 0.891336 0.772852 0.772852 0.542511 0.542511
-0.344 0.8935 0.8935 0.776421 0.776421 0.539071 0.539071
-0.34 0.895649 0.895649 0.78 0.78 0.535565 0.535565
-0.336 0.897784 0.897784 0.783587 0.783587 0.531994 0.531994
-0.332 0.899905 0.899905 0.787182 0.787182 0.528358 0.528358
-0.328 0.902011 0.902011 0.790786 0.790786 0.524657 0.524657
-0.324 0.904102 0.904102 0.794398 0.794398 0.520891 0.520891
-0.32 0.906178 0.906178 0.798019 0.798019 0.51706 0.51706
-0.316 0.908238 0.908238 0.801648 0.801648 0.513164 0.513164
-0.312 0.910283 0.910283 0.805285 0.805285 0.509203 0.509203
-0.308 0.912312 0.912312 0.80893 0.80893 0.505177 0.505177
-0.304 0.914324 0.914324 0.812583 0.812583 0.501086 0.501086
-0.3 0.91632 0.91632 0.816244 0.816244 0.49693 0.49693
-0.296 0.9183 0.9183 0.819914 0.819914 0.492709 0.492709
-0.292 0.920262 0.920262 0.823591 0.823591 0.488423 0.488423
-0.288 0.922207 0.922207 0.827276 0.827276 0.484073 0.484073
-0.284 0.924135 0.924135 0.830968 0.830968 0.479657 0.479657
-0.28 0.926044 0.926044 0.834669 0.834669 0.475176 0.475176
-0.276 0.927936 0.927936 0.838377 0.838377 0.47063 0.47063
-0.272 0.929809 0.929809 0.842092 0.842092 0.466019 0.466019
-0.268 0.931664 0.931664 0.845815 0.845815 0.461343 0.461343
-0.264 0.9335 0.9335 0.849545 0.849545 0.456602 0.456602
-0.26 0.935317 0.935317 0.853283 0.853283 0.451796 0.451796
-0.256 0.937114 0.937114 0.857028 0.857028 0.446926 0.446926
-0.252 0.938892 0.938892 0.86078 0.86078 0.44199 0.44199
-0.248 0.94065 0.94065 0.864539 0.864539 0.436989 0.436989
-0.244 0.942388 0.942388 0.868305 0.868305 0.431923 0.431923
-0.24 0.944105 0.944105 0.872078 0.872078 0.426792 0.426792
-0.236 0.945802 0.945802 0.875858 0.875858 0.421596 0.421596
-0.232 0.947478 0.947478 0.879645 0.879645 0.416336 0.416336
-0.228 0.949133 0.949133 0.883438 0.883438 0.41101 0.41101
-0.224 0.950766 0.950766 0.887238 0.887238 0.405619 0.405619
-0.22 0.952378 0.952378 0.891044 0.891044 0.400163 0.400163
-0.216 0.953967 0.953967 0.894857 0.894857 0.394642 0.394642
-0.212 0.955535 0.955535 0.898676 0.898676 0.389056 0.389056
-0.208 0.95708 0.95708 0.902501 0.902501 0.383406 0.383406
-0.204 0.958602 0.958602 0.906332 0.906332 0.37769 0.37769
-0.2 0.960101 0.960101 0.91017 0.91017 0.371909 0.371909
-0.196 0.961577 0.961577 0.914013 0.914013 0.366063 0.366063
-0.192 0.963029 0.963029 0.917862 0.917862 0.360152 0.360152
-0.188 0.964458 0.964458 0.921717 0.921717 0.354177 0.354177
-0.184 0.965863 0.965863 0.925578 0.925578 0.348136 0.348136
-0.18 0.967243 0.967243 0.929444 0.929444 0.34203 0.34203
-0.176 0.968599 0.968599 0.933316 0.933316 0.335859 0.335859
-0.172 0.96993 0.96993 0.937193 0.937193 0.329624 0.329624
-0.168 0.971236 0.971236 0.941075 0.941075 0.323323 0.323323
-0.164 0.972516 0.972516 0.944963 0.944963 0.316957 0.316957
-0.16 0.973771 0.973771 0.948855 0.948855 0.310526 0.310526
-0.156 0.975 0.975 0.952753 0.952753 0.304031 0.304031
-0.152 0.976203 0.976203 0.956655 0.956655 0.29747 0.29747
-0.148 0.97738 0.97738 0.960562 0.960562 0.290844 0.290844
-0.144 0.97853 0.97853 0.964474 0.964474 0.284153 0.284153
-0.14 0.979653 0.979653 0.968391 0.968391 0.277398 0.277398
-0.136 0.980749 0.980749 0.972311 0.972311 0.270577 0.270577
-0.132 0.981818 0.981818 0.976237 0.976237 0.263691 0.263691
-0.128 0.982859 0.982859 0.980166 0.980166 0.25674 0.25674
-0.124 0.983872 0.983872 0.984099 0.984099 0.249725 0.249725
-0.12 0.984856 0.984856 0.988037 0.988037 0.242644 0.242644
-0.116 0.985813 0.985813 0.991978 0.991978 0.235498 0.235498
-0.112 0.98674 0.98674 0.995923 0.995923 0.228288 0.228288
-0.108 0.987639 0.987639 0.999872 0.999872 0.221012 0.221012
-0.104 0.988508 0.988508 1.00382 1.00382 0.213671 0.213671
-0.1 0.989348 0.989348 1.00778 1.00778 0.206266 0.206266
-0.096 0.990158 0.990158 1.01174 1.01174 0.198795 0.198795
-0.092 0.990938 0.990938 1.0157 1.0157 0.191259 0.191259
-0.088 0.991688 0.991688 1.01967 1.01967 0.183659 0.183659
-0.084 0.992408 0.992408 1.02363 1.02363 0.175993 0.175993
-0.08 0.993096 0.993096 1.02761 1.02761 0.168262 0.168262
-0.076 0.993754 0.993754 1.03158 1.03158 0.160467 0.160467
-0.072 0.99438 0.99438 1.03556 1.03556 0.152606 0.152606
-0.068 0.994974 0.994974 1.03953 1.03953 0.14468 0.14468
-0.064 0.995537 0.995537 1.04352 1.04352 0.13669 0.13669
-0.06 0.996068 0.996068 1.0475 1.0475 0.128634 0.128634
-0.056 0.996566 0.996566 1.05148 1.05148 0.120513 0.120513
-0.052 0.997032 0.997032 1.05547 1.05547 0.112328 0.112328
-0.048 0.997465 0.997465 1.05946 1.05946 0.104077 0.104077
-0.044 0.997864 0.997864 1.06345 1.06345 0.0957615 0.0957615
-0.04 0.998231 0.998231 1.06744 1.06744 0.0873809 0.0873809
-0.036 0.998563 0.998563 1.07144 1.07144 0.0789353 0.0789353
-0.032 0.998862 0.998862 1.07543 1.07543 0.0704247 0.0704247
-0.028 0.999127 0.999127 1.07943 1.07943 0.0618491 0.0618491
-0.024 0.999357 0.999357 1.08342 1.08342 0.0532085 0.0532085
-0.02 0.999552 0.999552 1.08742 1.08742 0.0445029 0.0445029
-0.016 0.999713 0.999713 1.09142 1.09142 0.0357323 0.0357323
-0.012 0.999838 0.999838 1.09542 1.09542 0.0268967 0.0268967
-0.008 0.999928 0.999928 1.09942 1.09942 0.0179961 0.0179961
-0.004 0.999982 0.999982 1.10342 1.10342 0.00903057 0.00903057
0 1 1 1.10742 1.10742 5.55112e-16 1.11022e-16
0.004 0.999982 0.999982 1.11142 1.11142 -0.00903057 -0.00903057
0.008 0.999928 0.999928 1.11542 1.11542 -0.0179961 -0.0179961
0.012 0.999838 0.999838 1.11942 1.11942 -0.0268967 -0.0268967
0.016 0.999713 0.999713 1.12342 1.12342 -0.0357323 -0.0357323
0.02 0.999552 0.999552 1.12742 1.12742 -0.0445029 -0.0445029
0.024 0.999357 0.999357 1.13141 1.13141 -0.0532085 -0.0532085
0.028 0.999127 0.999127 1.13541 1.13541 -0.0618491 -0.0618491
0.032 0.998862 0.998862 1.13941 1.13941 -0.0704247 -0.0704247
0.036 0.998563 0.998563 1.1434 1.1434 -0.0789353 -0.0789353
0.04 0.998231 0.998231 1.1474 1.1474 -0.0873809 -0.0873809
0.044 0.997864 0.997864 1.15139 1.15139 -0.0957615 -0.0957615
0.048 0.997465 0.997465 1.15538 1.15538 -0.104077 -0.104077
0.052 0.997032 0.997032 1.15937 1.15937 -0.112328 -0.112328
0.056 0.996566 0.996566 1.16335 1.16335 -0.120513 -0.120513
0.06 0.996068 0.996068 1.16734 1.16734 -0.128634 -0.128634
0.064 0.995537 0.995537 1.17132 1.17132 -0.13669 -0.13669
0.068 0.994974 0.994974 1.1753 1.1753 -0.14468 -0.14468
0.072 0.99438 0.99438 1.17928 1.17928 -0.152606 -0.152606
0.076 0.993754 0.993754 1.18326 1.18326 -0.160467 -0.160467
0.08 0.993096 0.993096 1.18723 1.18723 -0.168262 -0.168262
0.084 0.992408 0.992408 1.1912 1.1912 -0.175993 -0.175993
0.088 0.991688 0.991688 1.19517 1.19517 -0.183659 -0.183659
0.092 0.990938 0.990938 1.19914 1.19914 -0.191259 -0.191259
0.096 0.990158 0.990158 1.2031 1.2031 -0.198795 -0.198795
0.1 0.989348 0.989348 1.20706 1.20706 -0.206266 -0.206266
0.104 0.988508 0.988508 1.21101 1.21101 -0.213671 -0.213671
0.108 0.987639 0.987639 1.21497 1.21497 -0.221012 -0.221012
0.112 0.98674 0.98674 1.21892 1.21892 -0.228288 -0.228288
0.116 0.985813 0.985813 1.22286 1.22286 -0.235498 -0.235498
0.12 0.984856 0.984856 1.2268 1.2268 -0.242644 -0.242644
0.124 0.983872 0.983872 1.23074 1.23074 -0.249725 -0.249725
0.128 0.982859 0.982859 1.23467 1.23467 -0.25674 -0.25674
0.132 0.981818 0.981818 1.2386 1.2386 -0.263691 -0.263691
0.136 0.980749 0.980749 1.24253 1.24253 -0.270577 -0.270577
0.14 0.979653 0.979653 1.24645 1.24645 -0.277398 -0.277398
0.144 0.97853 0.97853 1.25036 1.25036 -0.284153 -0.284153
0.148 0.97738 0.97738 1.25428 1.25428 -0.290844 -0.290844
0.152 0.976203 0.976203 1.25818 1.25818 -0.29747 -0.29747
0.156 0.975 0.975 1.26209 1.26209 -0.304031 -0.304031
0.16 0.973771 0.973771 1.26598 1.26598 -0.310526 -0.310526
0.164 0.972516 0.972516 1.26988 1.26988 -0.316957 -0.316957
0.168 0.971236 0.971236 1.27376 1.27376 -0.323323 -0.323323
0.172 0.96993 0.96993 1.27765 1.27765 -0.329624 -0.329624
0.176 0.968599 0.968599 1.28152 1.28152 -0.335859 -0.335859
0.18 0.967243 0.967243 1.28539 1.28539 -0.34203 -0.34203
0.184 0.965863 0.965863 1.28926 1.28926 -0.348136 -0.348136
0.188 0.964458 0.964458 1.29312 1.29312 -0.354177 -0.354177
0.192 0.963029 0.963029 1.29698 1.29698 -0.360152 -0.360152
0.196 0.961577 0.961577 1.30083 1.30083 -0.366063 -0.366063
0.2 0.960101 0.960101 1.30467 1.30467 -0.371909 -0.371909
0.204 0.958602 0.958602 1.30851 1.30851 -0.37769 -0.37769
0.208 0.95708 0.95708 1.31234 1.31234 -0.383406 -0.383406
0.212 0.955535 0.955535 1.31616 1.31616 -0.389056 -0.389056
0.216 0.953967 0.953967 1.31998 1.31998 -0.394642 -0.394642
0.22 0.952378 0.952378 1.32379 1.32379 -0.400163 -0.400163
0.224 0.950766 0.950766 1.3276 1.3276 -0.405619 -0.405619
0.228 0.949133 0.949133 1.3314 1.3314 -0.41101 -0.41101
0.232 0.947478 0.947478 1.33519 1.33519 -0.416336 -0.416336
0.236 0.945802 0.945802 1.33898 1.33898 -0.421596 -0.421596
0.24 0.944105 0.944105 1.34276 1.34276 -0.426792 -0.426792
0.244 0.942388 0.942388 1.34653 1.34653 -0.431923 -0.431923
0.248 0.94065 0.94065 1.3503 1.3503 -0.436989 -0.436989
0.252 0.938892 0.938892 1.35406 1.35406 -0.44199 -0.44199
0.256 0.937114 0.937114 1.35781 1.35781 -0.446926 -0.446926
0.26 0.935317 0.935317 1.36156 1.36156 -0.451796 -0.451796
0.264 0.9335 0.9335 1.36529 1.36529 -0.456602 -0.456602
0.268 0.931664 0.931664 1.36902 1.36902 -0.461343 -0.461343
0.272 0.929809 0.929809 1.37275 1.37275 -0.466019 -0.466019
0.276 0.927936 0.927936 1.37646 1.37646 -0.47063 -0.47063
0.28 0.926044 0.926044 1.38017 1.38017 -0.475176 -0.475176
0.284 0.924135 0.924135 1.38387 1.38387 -0.479657 -0.479657
0.288 0.922207 0.922207 1.38756 1.38756 -0.484073 -0.484073
0.292 0.920262 0.920262 1.39125 1.39125 -0.488423 -0.488423
0.296 0.9183 0.9183 1.39493 1.39493 -0.492709 -0.492709
0.3 0.91632 0.91632 1.39859 1.39859 -0.49693 -0.49693
0.304 0.914324 0.914324 1.40226 1.40226 -0.501086 -0.501086
0.308 0.912312 0.912312 1.40591 1.40591 -0.505177 -0.505177
0.312 0.910283 0.910283 1.40955 1.40955 -0.509203 -0.509203
0.316 0.908238 0.908238 1.41319 1.41319 -0.513164 -0.513164
0.32 0.906178 0.906178 1.41682 1.41682 -0.51706 -0.51706
0.324 0.904102 0.904102 1.42044 1.42044 -0.520891 -0.520891
0.328 0.902011 0.902011 1.42405 1.42405 -0.524657 -0.524657
0.332 0.899905 0.899905 1.42766 1.42766 -0.528358 -0.528358
0.336 0.897784 0.897784 1.43125 1.43125 -0.531994 -0.531994
0.34 0.895649 0.895649 1.43484 1.43484 -0.535565 -0.535565
0.344 0.8935 0.8935 1.43842 1.43842 -0.539071 -0.539071
0.348 0.891336 0.891336 1.44199 1.44199 -0.542511 -0.542511
0.352 0.88916 0.88916 1.44555 1.44555 -0.545887 -0.545887
0.356 0.886969 0.886969 1.4491 1.4491 -0.549198 -0.549198
0.36 0.884766 0.884766 1.45264 1.45264 -0.552444 -0.552444
0.364 0.88255 0.88255 1.45618 1.45618 -0.555625 -0.555625
0.368 0.880321 0.880321 1.4597 1.4597 -0.558741 -0.558741
0.372 0.87808 0.87808 1.46322 1.46322 -0.561792 -0.561792
0.376 0.875827 0.875827 1.46673 1.46673 -0.564778 -0.564778
0.38 0.873562 0.873562 1.47023 1.47023 -0.567699 -0.567699
0.384 0.871285 0.871285 1.47372 1.47372 -0.570555 -0.570555
0.388 0.868998 0.868998 1.4772 1.4772 -0.573346 -0.573346
0.392 0.866699 0.866699 1.48067 1.48067 -0.576072 -0.576072
0.396 0.864389 0.864389 1.48413 1.48413 -0.578733 -0.578733
0.4 0.862069 0.862069 1.48758 1.48758 -0.581329 -0.581329
0.404 0.859739 0.859739 1.49103 1.49103 -0.583869 -0.583869
0.408 0.857398 0.857398 1.49446 1.49446 -0.586362 -0.586362
0.412 0.855048 0.855048 1.49789 1.49789 -0.588807 -0.588807
0.416 0.852688 0.852688 1.5013 1.5013 -0.591206 -0.591206
0.42 0.850318 0.850318 1.50471 1.50471 -0.593557 -0.593557
0.424 0.847939 0.847939 1.50811 1.50811 -0.59586 -0.59586
0.428 0.845551 0.845551 1.51149 1.51149 -0.598117 -0.598117
0.432 0.843154 0.843154 1.51487 1.51487 -0.600326 -0.600326
0.436 0.840749 0.840749 1.51824 1.51824 -0.602488 -0.602488
0.44 0.838335 0.838335 1.5216 1.5216 -0.604603 -0.604603
0.444 0.835912 0.835912 1.52494 1.52494 -0.60667 -0.60667
0.448 0.833481 0.833481 1.52828 1.52828 -0.608691 -0.608691
0.452 0.831043 0.831043 1.53161 1.53161 -0.610664 -0.610664
0.456 0.828596 0.828596 1.53493 1.53493 -0.61259 -0.61259
0.46 0.826142 0.826142 1.53824 1.53824 -0.614468 -0.614468
0.464 0.82368 0.82368 1.54154 1.54154 -0.6163 -0.6163
0.468 0.821212 0.821212 1.54483 1.54483 -0.618084 -0.618084
0.472 0.818736 0.818736 1.54811 1.54811 -0.619821 -0.619821
0.476 0.816253 0.816253 1.55138 1.55138 -0.621511 -0.621511
0.48 0.813764 0.813764 1.55464 1.55464 -0.623153 -0.623153
0.484 0.811268 0.811268 1.55789 1.55789 -0.624748 -0.624748
0.488 0.808766 0.808766 1.56113 1.56113 -0.626296 -0.626296
0.492 0.806258 0.806258 1.56436 1.56436 -0.627797 -0.627797
0.496 0.803743 0.803743 1.56758 1.56758 -0.62925 -0.62925
0.5 0.801224 0.801224 1.57079 1.57079 -0.630657 -0.630657
0.504 0.798698 0.798698 1.57399 1.57399 -0.632016 -0.632016
0.508 0.796168 0.796168 1.57718 1.57718 -0.633328 -0.633328
0.512 0.793632 0.793632 1.58036 1.58036 -0.634592 -0.634592
0.516 0.791091 0.791091 1.58353 1.58353 -0.63581 -0.63581
0.52 0.788545 0.788545 1.58669 1.58669 -0.63698 -0.63698
0.524 0.785995 0.785995 1.58984 1.58984 -0.638103 -0.638103
0.528 0.783441 0.783441 1.59298 1.59298 -0.639178 -0.639178
0.532 0.780882 0.780882 1.5961 1.5961 -0.640207 -0.640207
0.536 0.778319 0.778319 1.59922 1.59922 -0.641188 -0.641188
0.54 0.775752 0.775752 1.60233 1.60233 -0.642122 -0.642122
0.544 0.773182 0.773182 1.60543 1.60543 -0.643008 -0.643008
0.548 0.770608 0.770608 1.60852 1.60852 -0.643848 -0.643848
0.552 0.768031 0.768031 1.61159 1.61159 -0.64464 -0.64464
0.556 0.765451 0.765451 1.61466 1.61466 -0.645385 -0.645385
0.56 0.762868 0.762868 1.61772 1.61772 -0.646083 -0.646083
0.564 0.760283 0.760283 1.62076 1.62076 -0.646734 -0.646734
0.568 0.757695 0.757695 1.6238 1.6238 -0.647337 -0.647337
0.572 0.755104 0.755104 1.62683 1.62683 -0.647893 -0.647893
0.576 0.752511 0.752511 1.62984 1.62984 -0.648402 -0.648402
0.58 0.749917 0.749917 1.63285 1.63285 -0.648863 -0.648863
0.584 0.747321 0.747321 1.63584 1.63584 -0.649278 -0.649278
0.588 0.744723 0.744723 1.63882 1.63882 -0.649645 -0.649645
0.592 0.742123 0.742123 1.6418 1.6418 -0.649965 -0.649965
0.596 0.739523 0.739523 1.64476 1.64476 -0.650238 -0.650238
0.6 0.736922 0.736922 1.64771 1.64771 -0.650463 -0.650463
0.604 0.734319 0.734319 1.65066 1.65066 -0.650641 -0.650641
0.608 0.731717 0.731717 1.65359 1.65359 -0.650772 -0.650772
0.612 0.729113 0.729113 1.65651 1.65651 -0.650856 -0.650856
0.616 0.72651 0.72651 1.65942 1.65942 -0.650892 -0.650892
0.62 0.723906 0.723906 1.66232 1.66232 -0.650882 -0.650882
0.624 0.721303 0.721303 1.66521 1.66521 -0.650824 -0.650824
0.628 0.7187 0.7187 1.66809 1.66809 -0.650719 -0.650719
0.632 0.716097 0.716097 1.67096 1.67096 -0.650566 -0.650566
0.636 0.713495 0.713495 1.67382 1.67382 -0.650366 -0.650366
0.64 0.710894 0.710894 1.67667 1.67667 -0.65012 -0.65012
0.644 0.708294 0.708294 1.67951 1.67951 -0.649825 -0.649825
0.648 0.705696 0.705696 1.68234 1.68234 -0.649484 -0.649484
0.652 0.703099 0.703099 1.68515 1.68515 -0.649095 -0.649095
0.656 0.700503 0.700503 1.68796 1.68796 -0.64866 -0.64866
0.66 0.697909 0.697909 1.69076 1.69076 -0.648177 -0.648177
0.664 0.695318 0.695318 1.69354 1.69354 -0.647646 -0.647646
0.668 0.692728 0.692728 1.69632 1.69632 -0.647069 -0.647069
0.672 0.690141 0.690141 1.69909 1.69909 -0.646444 -0.646444
0.676 0.687557 0.687557 1.70184 1.70184 -0.645772 -0.645772
0.68 0.684975 0.684975 1.70459 1.70459 -0.645053 -0.645053
0.684 0.682396 0.682396 1.70732 1.70732 -0.644286 -0.644286
0.688 0.679821 0.679821 1.71005 1.71005 -0.643472 -0.643472
0.692 0.677249 0.677249 1.71276 1.71276 -0.642612 -0.642612
0.696 0.67468 0.67468 1.71546 1.71546 -0.641703 -0.641703
0.7 0.672115 0.672115 1.71816 1.71816 -0.640748 -0.640748
0.704 0.669554 0.669554 1.72084 1.72084 -0.639745 -0.639745
0.708 0.666997 0.666997 1.72351 1.72351 -0.638695 -0.638695
0.712 0.664445 0.664445 1.72618 1.72618 -0.637598 -0.637598
0.716 0.661896 0.661896 1.72883 1.72883 -0.636454 -0.636454
0.72 0.659353 0.659353 1.73147 1.73147 -0.635262 -0.635262
0.724 0.656814 0.656814 1.7341 1.7341 -0.634024 -0.634024
0.728 0.654281 0.654281 1.73673 1.73673 -0.632738 -0.632738
0.732 0.651753 0.651753 1.73934 1.73934 -0.631404 -0.631404
0.736 0.64923 0.64923 1.74194 1.74194 -0.630024 -0.630024
0.74 0.646712 0.646712 1.74453 1.74453 -0.628596 -0.628596
0.744 0.644201 0.644201 1.74711 1.74711 -0.627121 -0.627121
0.748 0.641696 0.641696 1.74969 1.74969 -0.625599 -0.625599
0.752 0.639196 0.639196 1.75225 1.75225 -0.624029 -0.624029
0.756 0.636703 0.636703 1.7548 1.7548 -0.622413 -0.622413
0.76 0.634217 0.634217 1.75734 1.75734 -0.620749 -0.620749
0.764 0.631737 0.631737 1.75987 1.75987 -0.619038 -0.619038
0.768 0.629265 0.629265 1.7624 1.7624 -0.617279 -0.617279
0.772 0.626799 0.626799 1.76491 1.76491 -0.615474 -0.615474
0.776 0.624341 0.624341 1.76741 1.76741 -0.613621 -0.613621
0.78 0.62189 0.62189 1.7699 1.7699 -0.611721 -0.611721
0.784 0.619447 0.619447 1.77238 1.77238 -0.609773 -0.609773
0.788 0.617012 0.617012 1.77486 1.77486 -0.607779 -0.607779
0.792 0.614585 0.614585 1.77732 1.77732 -0.605737 -0.605737
0.796 0.612166 0.612166 1.77977 1.77977 -0.603648 -0.603648
0.8 0.609756 0.609756 1.78222 1.78222 -0.601512 -0.601512
0.804 0.607354 0.607354 1.78465 1.78465 -0.599354 -0.599354
0.808 0.604961 0.604961 1.78708 1.78708 -0.5972 -0.5972
0.812 0.602577 0.602577 1.78949 1.78949 -0.595049 -0.595049
0.816 0.600201 0.600201 1.7919 1.7919 -0.592903 -0.592903
0.82 0.597834 0.597834 1.79429 1.79429 -0.59076 -0.59076
0.824 0.595475 0.595475 1.79668 1.79668 -0.58862 -0.58862
0.828 0.593125 0.593125 1.79906 1.79906 -0.586485 -0.586485
0.832 0.590783 0.590783 1.80143 1.80143 -0.584353 -0.584353
0.836 0.58845 0.58845 1.80378 1.80378 -0.582226 -0.582226
0.84 0.586125 0.586125 1.80613 1.80613 -0.580102 -0.580102
0.844 0.583809 0.583809 1.80847 1.80847 -0.577981 -0.577981
0.848 0.581501 0.581501 1.8108 1.8108 -0.575865 -0.575865
0.852 0.579202 0.579202 1.81312 1.81312 -0.573752 -0.573752
0.856 0.576911 0.576911 1.81544 1.81544 -0.571643 -0.571643
0.86 0.574629 0.574629 1.81774 1.81774 -0.569538 -0.569538
0.864 0.572355 0.572355 1.82003 1.82003 -0.567436 -0.567436
0.868 0.570089 0.570089 1.82232 1.82232 -0.565339 -0.565339
0.872 0.567832 0.567832 1.82459 1.82459 -0.563245 -0.563245
0.876 0.565583 0.565583 1.82686 1.82686 -0.561155 -0.561155
0.88 0.563343 0.563343 1.82912 1.82912 -0.559068 -0.559068
0.884 0.561111 0.561111 1.83137 1.83137 -0.556986 -0.556986
0.888 0.558887 0.558887 1.83361 1.83361 -0.554907 -0.554907
0.892 0.556672 0.556672 1.83584 1.83584 -0.552832 -0.552832
0.896 0.554464 0.554464 1.83806 1.83806 -0.55076 -0.55076
0.9 0.552265 0.552265 1.84028 1.84028 -0.548693 -0.548693
0.904 0.550075 0.550075 1.84248 1.84248 -0.546629 -0.546629
0.908 0.547892 0.547892 1.84468 1.84468 -0.544569 -0.544569
0.912 0.545718 0.545718 1.84686 1.84686 -0.542513 -0.542513
0.916 0.543552 0.543552 1.84904 1.84904 -0.54046 -0.54046
0.92 0.541395 0.541395 1.85121 1.85121 -0.538412 -0.538412
0.924 0.539245 0.539245 1.85337 1.85337 -0.536367 -0.536367
0.928 0.537104 0.537104 1.85553 1.85553 -0.534326 -0.534326
0.932 0.53497 0.53497 1.85767 1.85767 -0.532288 -0.532288
0.936 0.532845 0.532845 1.85981 1.85981 -0.530255 -0.530255
0.94 0.530728 0.530728 1.86193 1.86193 -0.528225 -0.528225
0.944 0.52862 0.52862 1.86405 1.86405 -0.526199 -0.526199
0.948 0.526519 0.526519 1.86616 1.86616 -0.524177 -0.524177
0.952 0.524426 0.524426 1.86826 1.86826 -0.522158 -0.522158
0.956 0.522342 0.522342 1.87036 1.87036 -0.520143 -0.520143
0.96 0.520265 0.520265 1.87244 1.87244 -0.518132 -0.518132
0.964 0.518196 0.518196 1.87452 1.87452 -0.516125 -0.516125
0.968 0.516136 0.516136 1.87659 1.87659 -0.514122 -0.514122
0.972 0.514083 0.514083 1.87865 1.87865 -0.512122 -0.512122
0.976 0.512039 0.512039 1.8807 1.8807 -0.510126 -0.510126
0.98 0.510002 0.510002 1.88274 1.88274 -0.508134 -0.508134
0.984 0.507974 0.507974 1.88478 1.88478 -0.506145 -0.506145
0.988 0.505953 0.505953 1.88681 1.88681 -0.504161 -0.504161
0.992 0.503941 0.503941 1.88883 1.88883 -0.50218 -0.50218
0.996 0.501936 0.501936 1.89084 1.89084 -0.500203 -0.500203
1 0.499939 0.499939 1.89284 1.89284 -0.49823 -0.49823
1.004 0.49795 0.49795 1.89484 1.89484 -0.49626 -0.49626
1.008 0.495969 0.495969 1.89683 1.89683 -0.494294 -0.494294
1.012 0.493996 0.493996 1.89881 1.89881 -0.492332 -0.492332
1.016 0.49203 0.49203 1.90078 1.90078 -0.490374 -0.490374
1.02 0.490073 0.490073 1.90274 1.90274 -0.48842 -0.48842
1.024 0.488123 0.488123 1.9047 1.9047 -0.486469 -0.486469
1.028 0.486181 0.486181 1.90665 1.90665 -0.484522 -0.484522
1.032 0.484247 0.484247 1.90859 1.90859 -0.482579 -0.482579
1.036 0.48232 0.48232 1.91052 1.91052 -0.48064 -0.48064
1.04 0.480402 0.480402 1.91245 1.91245 -0.478704 -0.478704
1.044 0.478491 0.478491 1.91437 1.91437 -0.476772 -0.476772
1.048 0.476587 0.476587 1.91628 1.91628 -0.474844 -0.474844
1.052 0.474692 0.474692 1.91818 1.91818 -0.47292 -0.47292
1.056 0.472804 0.472804 1.92007 1.92007 -0.470999 -0.470999
1.06 0.470924 0.470924 1.92196 1.92196 -0.469082 -0.469082
1.064 0.469051 0.469051 1.92384 1.92384 -0.467169 -0.467169
1.068 0.467187 0.467187 1.92571 1.92571 -0.46526 -0.46526
1.072 0.465329 0.465329 1.92758 1.92758 -0.463355 -0.463355
1.076 0.46348 0.46348 1.92944 1.92944 -0.461453 -0.461453
1.08 0.461638 0.461638 1.93129 1.93129 -0.459555 -0.459555
1.084 0.459803 0.459803 1.93313 1.93313 -0.457661 -0.457661
1.088 0.457976 0.457976 1.93496 1.93496 -0.455771 -0.455771
1.092 0.456157 0.456157 1.93679 1.93679 -0.453884 -0.453884
1.096 0.454345 0.454345 1.93861 1.93861 -0.452001 -0.452001
1.1 0.452541 0.452541 1.94043 1.94043 -0.450122 -0.450122
1.104 0.450744 0.450744 1.94223 1.94223 -0.448247 -0.448247
1.108 0.448955 0.448955 1.94403 1.94403 -0.446375 -0.446375
1.112 0.447173 0.447173 1.94583 1.94583 -0.444507 -0.444507
1.116 0.445399 0.445399 1.94761 1.94761 -0.442643 -0.442643
1.12 0.443632 0.443632 1.94939 1.94939 -0.440783 -0.440783
1.124 0.441873 0.441873 1.95116 1.95116 -0.438927 -0.438927
1.128 0.440121 0.440121 1.95292 1.95292 -0.437074 -0.437074
1.132 0.438376 0.438376 1.95468 1.95468 -0.435225 -0.435225
1.136 0.436639 0.436639 1.95643 1.95643 -0.43338 -0.43338
1.14 0.434909 0.434909 1.95817 1.95817 -0.431539 -0.431539
1.144 0.433187 0.433187 1.95991 1.95991 -0.429701 -0.429701
1.148 0.431471 0.431471 1.96164 1.96164 -0.427867 -0.427867
1.152 0.429764 0.429764 1.96336 1.96336 -0.426037 -0.426037
1.156 0.428063 0.428063 1.96508 1.96508 -0.424211 -0.424211
1.16 0.42637 0.42637 1.96679 1.96679 -0.422388 -0.422388
1.164 0.424684 0.424684 1.96849 1.96849 -0.420569 -0.420569
1.168 0.423005 0.423005 1.97018 1.97018 -0.418754 -0.418754
1.172 0.421334 0.421334 1.97187 1.97187 -0.416943 -0.416943
1.176 0.41967 0.41967 1.97355 1.97355 -0.415136 -0.415136
1.18 0.418013 0.418013 1.97523 1.97523 -0.413332 -0.413332
1.184 0.416363 0.416363 1.9769 1.9769 -0.411532 -0.411532
1.188 0.414721 0.414721 1.97856 1.97856 -0.409736 -0.409736
1.192 0.413085 0.413085 1.98022 1.98022 -0.407944 -0.407944
1.196 0.411457 0.411457 1.98187 1.98187 -0.406155 -0.406155
1.2 0.409836 0.409836 1.98351 1.98351 -0.40437 -0.40437
1.204 0.408222 0.408222 1.98514 1.98514 -0.402589 -0.402589
1.208 0.406615 0.406615 1.98677 1.98677 -0.400813 -0.400813
1.212 0.405016 0.405016 1.9884 1.9884 -0.39904 -0.39904
1.216 0.403423 0.403423 1.99001 1.99001 -0.397272 -0.397272
1.22 0.401837 0.401837 1.99162 1.99162 -0.395509 -0.395509
1.224 0.400259 0.400259 1.99323 1.99323 -0.393749 -0.393749
1.228 0.398687 0.398687 1.99483 1.99483 -0.391994 -0.391994
1.232 0.397123 0.397123 1.99642 1.99642 -0.390243 -0.390243
1.236 0.395566 0.395566 1.998 1.998 -0.388496 -0.388496
1.24 0.394015 0.394015 1.99958 1.99958 -0.386754 -0.386754
1.244 0.392471 0.392471 2.00116 2.00116 -0.385016 -0.385016
1.248 0.390935 0.390935 2.00272 2.00272 -0.383282 -0.383282
1.252 0.389405 0.389405 2.00428 2.00428 -0.381553 -0.381553
1.256 0.387882 0.387882 2.00584 2.00584 -0.379827 -0.379827
1.26 0.386367 0.386367 2.00739 2.00739 -0.378106 -0.378106
1.264 0.384858 0.384858 2.00893 2.00893 -0.37639 -0.37639
1.268 0.383355 0.383355 2.01047 2.01047 -0.374677 -0.374677
1.272 0.38186 0.38186 2.012 2.012 -0.372969 -0.372969
1.276 0.380372 0.380372 2.01352 2.01352 -0.371265 -0.371265
1.28 0.37889 0.37889 2.01504 2.01504 -0.369565 -0.369565
1.284 0.377415 0.377415 2.01655 2.01655 -0.36787 -0.36787
1.288 0.375947 0.375947 2.01806 2.01806 -0.366179 -0.366179
1.292 0.374486 0.374486 2.01956 2.01956 -0.364492 -0.364492
1.296 0.373031 0.373031 2.02105 2.02105 -0.362809 -0.362809
1.3 0.371583 0.371583 2.02254 2.02254 -0.361131 -0.361131
1.304 0.370142 0.370142 2.02403 2.02403 -0.359457 -0.359457
1.308 0.368708 0.368708 2.0255 2.0255 -0.357787 -0.357787
1.312 0.36728 0.36728 2.02698 2.02698 -0.356122 -0.356122
1.316 0.365859 0.365859 2.02844 2.02844 -0.354461 -0.354461
1.32 0.364444 0.364444 2.0299 2.0299 -0.352804 -0.352804
1.324 0.363036 0.363036 2.03136 2.03136 -0.351151 -0.351151
1.328 0.361635 0.361635 2.03281 2.03281 -0.349503 -0.349503
1.332 0.36024 0.36024 2.03425 2.03425 -0.347859 -0.347859
1.336 0.358852 0.358852 2.03569 2.03569 -0.346219 -0.346219
1.34 0.35747 0.35747 2.03712 2.03712 -0.344583 -0.344583
1.344 0.356095 0.356095 2.03855 2.03855 -0.342952 -0.342952
1.348 0.354727 0.354727 2.03997 2.03997 -0.341325 -0.341325
1.352 0.353365 0.353365 2.04139 2.04139 -0.339702 -0.339702
1.356 0.352009 0.352009 2.0428 2.0428 -0.338084 -0.338084
1.36 0.35066 0.35066 2.0442 2.0442 -0.33647 -0.33647
1.364 0.349317 0.349317 2.0456 2.0456 -0.33486 -0.33486
1.368 0.347981 0.347981 2.047 2.047 -0.333254 -0.333254
1.372 0.346651 0.346651 2.04839 2.04839 -0.331653 -0.331653
1.376 0.345328 0.345328 2.04977 2.04977 -0.330056 -0.330056
1.38 0.344011 0.344011 2.05115 2.05115 -0.328463 -0.328463
1.384 0.3427 0.3427 2.05252 2.05252 -0.326874 -0.326874
1.388 0.341396 0.341396 2.05389 2.05389 -0.32529 -0.32529
1.392 0.340098 0.340098 2.05525 2.05525 -0.32371 -0.32371
1.396 0.338806 0.338806 2.05661 2.05661 -0.322134 -0.322134
1.4 0.337521 0.337521 2.05796 2.05796 -0.320563 -0.320563
1.404 0.336242 0.336242 2.05931 2.05931 -0.318995 -0.318995
1.408 0.334969 0.334969 2.06065 2.06065 -0.317433 -0.317433
1.412 0.333702 0.333702 2.06199 2.06199 -0.315874 -0.315874
1.416 0.332442 0.332442 2.06332 2.06332 -0.31432 -0.31432
1.42 0.331188 0.331188 2.06465 2.06465 -0.312769 -0.312769
1.424 0.32994 0.32994 2.06597 2.06597 -0.311224 -0.311224
1.428 0.328698 0.328698 2.06729 2.06729 -0.309682 -0.309682
1.432 0.327462 0.327462 2.0686 2.0686 -0.308145 -0.308145
1.436 0.326233 0.326233 2.06991 2.06991 -0.306612 -0.306612
1.44 0.325009 0.325009 2.07121 2.07121 -0.305083 -0.305083
1.444 0.323792 0.323792 2.07251 2.07251 -0.303559 -0.303559
1.448 0.322581 0.322581 2.0738 2.0738 -0.302038 -0.302038
1.452 0.321376 0.321376 2.07509 2.07509 -0.300522 -0.300522
1.456 0.320177 0.320177 2.07637 2.07637 -0.299011 -0.299011
1.46 0.318984 0.318984 2.07765 2.07765 -0.297503 -0.297503
1.464 0.317797 0.317797 2.07893 2.07893 -0.296 -0.296
1.468 0.316616 0.316616 2.0802 2.0802 -0.294501 -0.294501
1.472 0.315441 0.315441 2.08146 2.08146 -0.293007 -0.293007
1.476 0.314272 0.314272 2.08272 2.08272 -0.291517 -0.291517
1.48 0.313108 0.313108 2.08397 2.08397 -0.290031 -0.290031
1.484 0.311951 0.311951 2.08522 2.08522 -0.288549 -0.288549
1.488 0.3108 0.3108 2.08647 2.08647 -0.287071 -0.287071
1.492 0.309655 0.309655 2.08771 2.08771 -0.285598 -0.285598
1.496 0.308515 0.308515 2.08895 2.08895 -0.284129 -0.284129
1.5 0.307382 0.307382 2.09018 2.09018 -0.282665 -0.282665
1.504 0.306254 0.306254 2.09141 2.09141 -0.281204 -0.281204
1.508 0.305132 0.305132 2.09263 2.09263 -0.279748 -0.279748
1.512 0.304016 0.304016 2.09385 2.09385 -0.278296 -0.278296
1.516 0.302906 0.302906 2.09506 2.09506 -0.276849 -0.276849
1.52 0.301801 0.301801 2.09627 2.09627 -0.275405 -0.275405
1.524 0.300702 0.300702 2.09747 2.09747 -0.273966 -0.273966
1.528 0.299609 0.299609 2.09868 2.09868 -0.272532 -0.272532
1.532 0.298522 0.298522 2.09987 2.09987 -0.271101 -0.271101
1.536 0.297441 0.297441 2.10106 2.10106 -0.269675 -0.269675
1.54 0.296365 0.296365 2.10225 2.10225 -0.268253 -0.268253
1.544 0.295295 0.295295 2.10343 2.10343 -0.266835 -0.266835
1.548 0.29423 0.29423 2.10461 2.10461 -0.265422 -0.265422
1.552 0.293171 0.293171 2.10579 2.10579 -0.264013 -0.264013
1.556 0.292118 0.292118 2.10696 2.10696 -0.262608 -0.262608
1.56 0.29107 0.29107 2.10813 2.10813 -0.261208 -0.261208
1.564 0.290028 0.290028 2.10929 2.10929 -0.259811 -0.259811
1.568 0.288992 0.288992 2.11045 2.11045 -0.258419 -0.258419
1.572 0.287961 0.287961 2.1116 2.1116 -0.257032 -0.257032
1.576 0.286936 0.286936 2.11275 2.11275 -0.255648 -0.255648
1.58 0.285916 0.285916 2.11389 2.11389 -0.254269 -0.254269
1.584 0.284901 0.284901 2.11504 2.11504 -0.252894 -0.252894
1.588 0.283893 0.283893 2.11617 2.11617 -0.251523 -0.251523
1.592 0.282889 0.282889 2.11731 2.11731 -0.250157 -0.250157
1.596 0.281891 0.281891 2.11844 2.11844 -0.248795 -0.248795
1.6 0.280899 0.280899 2.11956 2.11956 -0.247437 -0.247437
1.604 0.279912 0.279912 2.12068 2.12068 -0.246088 -0.246088
1.608 0.27893 0.27893 2.1218 2.1218 -0.244753 -0.244753
1.612 0.277954 0.277954 2.12292 2.12292 -0.243431 -0.243431
1.616 0.276983 0.276983 2.12403 2.12403 -0.242123 -0.242123
1.62 0.276017 0.276017 2.12513 2.12513 -0.240828 -0.240828
1.624 0.275056 0.275056 2.12623 2.12623 -0.239547 -0.239547
1.628 0.2741 0.2741 2.12733 2.12733 -0.238279 -0.238279
1.632 0.27315 0.27315 2.12843 2.12843 -0.237025 -0.237025
1.636 0.272204 0.272204 2.12952 2.12952 -0.235785 -0.235785
1.64 0.271263 0.271263 2.1306 2.1306 -0.234558 -0.234558
1.644 0.270328 0.270328 2.13169 2.13169 -0.233345 -0.233345
1.648 0.269397 0.269397 2.13277 2.13277 -0.232145 -0.232145
1.652 0.268471 0.268471 2.13384 2.13384 -0.230959 -0.230959
1.656 0.267549 0.267549 2.13491 2.13491 -0.229786 -0.229786
1.66 0.266632 0.266632 2.13598 2.13598 -0.228627 -0.228627
1.664 0.26572 0.26572 2.13705 2.13705 -0.227481 -0.227481
1.668 0.264812 0.264812 2.13811 2.13811 -0.226349 -0.226349
1.672 0.263909 0.263909 2.13917 2.13917 -0.225231 -0.225231
1.676 0.26301 0.26301 2.14022 2.14022 -0.224126 -0.224126
1.68 0.262116 0.262116 2.14127 2.14127 -0.223035 -0.223035
1.684 0.261226 0.261226 2.14232 2.14232 -0.221957 -0.221957
1.688 0.26034 0.26034 2.14336 2.14336 -0.220893 -0.220893
1.692 0.259459 0.259459 2.1444 2.1444 -0.219842 -0.219842
1.696 0.258582 0.258582 2.14544 2.14544 -0.218805 -0.218805
1.7 0.257709 0.257709 2.14647 2.14647 -0.217781 -0.217781
1.704 0.256839 0.256839 2.1475 2.1475 -0.216771 -0.216771
1.708 0.255974 0.255974 2.14852 2.14852 -0.215775 -0.215775
1.712 0.255113 0.255113 2.14955 2.14955 -0.214792 -0.214792
1.716 0.254256 0.254256 2.15056 2.15056 -0.213823 -0.213823
1.72 0.253403 0.253403 2.15158 2.15158 -0.212867 -0.212867
1.724 0.252553 0.252553 2.15259 2.15259 -0.211925 -0.211925
1.728 0.251707 0.251707 2.1536 2.1536 -0.210996 -0.210996
1.732 0.250865 0.250865 2.1546 2.1546 -0.210081 -0.210081
1.736 0.250027 0.250027 2.15561 2.15561 -0.209179 -0.209179
1.74 0.249192 0.249192 2.15661 2.15661 -0.208291 -0.208291
1.744 0.24836 0.24836 2.1576 2.1576 -0.207417 -0.207417
1.748 0.247532 0.247532 2.15859 2.15859 -0.206556 -0.206556
1.752 0.246708 0.246708 2.15958 2.15958 -0.205709 -0.205709
1.756 0.245887 0.245887 2.16057 2.16057 -0.204875 -0.204875
1.76 0.245069 0.245069 2.16155 2.16155 -0.204055 -0.204055
1.764 0.244254 0.244254 2.16253 2.16253 -0.203248 -0.203248
1.768 0.243443 0.243443 2.1635 2.1635 -0.202455 -0.202455
1.772 0.242634 0.242634 2.16447 2.16447 -0.201676 -0.201676
1.776 0.241829 0.241829 2.16544 2.16544 -0.20091 -0.20091
1.78 0.241027 0.241027 2.16641 2.16641 -0.200157 -0.200157
1.784 0.240228 0.240228 2.16737 2.16737 -0.199418 -0.199418
1.788 0.239432 0.239432 2.16833 2.16833 -0.198693 -0.198693
1.792 0.238638 0.238638 2.16929 2.16929 -0.197981 -0.197981
1.796 0.237848 0.237848 2.17024 2.17024 -0.197283 -0.197283
1.8 0.23706 0.23706 2.17119 2.17119 -0.196598 -0.196598
1.804 0.236275 0.236275 2.17214 2.17214 -0.195927 -0.195927
1.808 0.235493 0.235493 2.17308 2.17308 -0.19527 -0.19527
1.812 0.234713 0.234713 2.17402 2.17402 -0.194626 -0.194626
1.816 0.233936 0.233936 2.17496 2.17496 -0.193996 -0.193996
1.82 0.233161 0.233161 2.17589 2.17589 -0.193379 -0.193379
1.824 0.232389 0.232389 2.17682 2.17682 -0.192775 -0.192775
1.828 0.231619 0.231619 2.17775 2.17775 -0.192186 -0.192186
1.832 0.230851 0.230851 2.17868 2.17868 -0.19161 -0.19161
1.836 0.230086 0.230086 2.1796 2.1796 -0.191047 -0.191047
1.84 0.229323 0.229323 2.18052 2.18052 -0.190498 -0.190498
1.844 0.228562 0.228562 2.18143 2.18143 -0.189962 -0.189962
1.848 0.227803 0.227803 2.18234 2.18234 -0.18944 -0.18944
1.852 0.227046 0.227046 2.18325 2.18325 -0.188932 -0.188932
1.856 0.226292 0.226292 2.18416 2.18416 -0.188437 -0.188437
1.86 0.225539 0.225539 2.18506 2.18506 -0.187956 -0.187956
1.864 0.224788 0.224788 2.18597 2.18597 -0.187488 -0.187488
1.868 0.224039 0.224039 2.18686 2.18686 -0.187034 -0.187034
1.872 0.223292 0.223292 2.18776 2.18776 -0.186593 -0.186593
1.876 0.222546 0.222546 2.18865 2.18865 -0.186166 -0.186166
1.88 0.221802 0.221802 2.18954 2.18954 -0.185753 -0.185753
1.884 0.22106 0.22106 2.19042 2.19042 -0.185353 -0.185353
1.888 0.220319 0.220319 2.19131 2.19131 -0.184967 -0.184967
1.892 0.21958 0.21958 2.19219 2.19219 -0.184594 -0.184594
1.896 0.218843 0.218843 2.19306 2.19306 -0.184235 -0.184235
1.9 0.218106 0.218106 2.19394 2.19394 -0.183889 -0.183889
1.904 0.217372 0.217372 2.19481 2.19481 -0.183557 -0.183557
1.908 0.216638 0.216638 2.19568 2.19568 -0.183238 -0.183238
1.912 0.215906 0.215906 2.19654 2.19654 -0.182933 -0.182933
1.916 0.215174 0.215174 2.1974 2.1974 -0.182642 -0.182642
1.92 0.214444 0.214444 2.19826 2.19826 -0.182364 -0.182364
1.924 0.213716 0.213716 2.19912 2.19912 -0.182099 -0.182099
1.928 0.212988 0.212988 2.19997 2.19997 -0.181848 -0.181848
1.932 0.212261 0.212261 2.20082 2.20082 -0.181611 -0.181611
1.936 0.211535 0.211535 2.20167 2.20167 -0.181388 -0.181388
1.94 0.21081 0.21081 2.20251 2.20251 -0.181177 -0.181177
1.944 0.210085 0.210085 2.20336 2.20336 -0.180981 -0.180981
1.948 0.209362 0.209362 2.2042 2.2042 -0.180798 -0.180798
1.952 0.208639 0.208639 2.20503 2.20503 -0.180628 -0.180628
1.956 0.207917 0.207917 2.20586 2.20586 -0.180472 -0.180472
1.96 0.207195 0.207195 2.20669 2.20669 -0.18033 -0.18033
1.964 0.206474 0.206474 2.20752 2.20752 -0.180201 -0.180201
1.968 0.205754 0.205754 2.20835 2.20835 -0.180086 -0.180086
1.972 0.205033 0.205033 2.20917 2.20917 -0.179984 -0.179984
1.976 0.204314 0.204314 2.20999 2.20999 -0.179896 -0.179896
1.98 0.203594 0.203594 2.2108 2.2108 -0.179822 -0.179822
1.984 0.202875 0.202875 2.21162 2.21162 -0.179761 -0.179761
1.988 0.202156 0.202156 2.21243 2.21243 -0.179713 -0.179713
1.992 0.201437 0.201437 2.21323 2.21323 -0.179679 -0.179679
1.996 0.200719 0.200719 2.21404 2.21404 -0.179659 -0.179659
