-2 0.2 0.2 0 0
-1.996 0.200809 0.200809 0.000801618 0.000801618
-1.992 0.201618 0.201618 0.00160647 0.00160647
-1.988 0.202427 0.202427 0.00241456 0.00241456
-1.984 0.203236 0.203236 0.00322589 0.00322589
-1.98 0.204045 0.204045 0.00404045 0.00404045
-1.976 0.204854 0.204854 0.00485825 0.00485825
-1.972 0.205663 0.205663 0.00567928 0.00567928
-1.968 0.206472 0.206472 0.00650355 0.00650355
-1.964 0.207281 0.207281 0.00733106 0.00733106
-1.96 0.20809 0.20809 0.0081618 0.0081618
-1.956 0.208899 0.208899 0.00899578 0.00899578
-1.952 0.209708 0.209708 0.00983299 0.00983299
-1.948 0.210517 0.210517 0.0106734 0.0106734
-1.944 0.211326 0.211326 0.0115171 0.0115171
-1.94 0.212135 0.212135 0.012364 0.012364
-1.936 0.212944 0.212944 0.0132142 0.0132142
-1.932 0.213753 0.213753 0.0140676 0.0140676
-1.928 0.214562 0.214562 0.0149242 0.0149242
-1.924 0.215371 0.215371 0.0157841 0.0157841
-1.92 0.21618 0.21618 0.0166472 0.0166472
-1.916 0.216989 0.216989 0.0175135 0.0175135
-1.912 0.217798 0.217798 0.0183831 0.0183831
-1.908 0.218607 0.218607 0.0192559 0.0192559
-1.904 0.219416 0.219416 0.020132 0.020132
-1.9 0.220225 0.220225 0.0210112 0.0210112
-1.896 0.221034 0.221034 0.0218938 0.0218938
-1.892 0.221843 0.221843 0.0227795 0.0227795
-1.888 0.222652 0.222652 0.0236685 0.0236685
-1.884 0.223461 0.223461 0.0245607 0.0245607
-1.88 0.22427 0.22427 0.0254562 0.0254562
-1.876 0.225079 0.225079 0.0263549 0.0263549
-1.872 0.225888 0.225888 0.0272568 0.0272568
-1.868 0.226697 0.226697 0.028162 0.028162
-1.864 0.227506 0.227506 0.0290704 0.0290704
-1.86 0.228315 0.228315 0.029982 0.029982
-1.856 0.229124 0.229124 0.0308969 0.0308969
-1.852 0.229933 0.229933 0.031815 0.031815
-1.848 0.230742 0.230742 0.0327364 0.0327364
-1.844 0.231551 0.231551 0.0336609 0.0336609
-1.84 0.23236 0.23236 0.0345888 0.0345888
-1.836 0.233169 0.233169 0.0355198 0.0355198
-1.832 0.233978 0.233978 0.0364541 0.0364541
-1.828 0.234787 0.234787 0.0373916 0.0373916
-1.824 0.235596 0.235596 0.0383324 0.0383324
-1.82 0.236404 0.236404 0.0392764 0.0392764
-1.816 0.237213 0.237213 0.0402236 0.0402236
-1.812 0.238022 0.238022 0.0411741 0.0411741
-1.808 0.238831 0.238831 0.0421278 0.0421278
-1.804 0.23964 0.23964 0.0430848 0.0430848
-1.8 0.240449 0.240449 0.0440449 0.0440449
-1.796 0.241258 0.241258 0.0450084 0.0450084
-1.792 0.242067 0.242067 0.045975 0.045975
-1.788 0.242876 0.242876 0.0469449 0.0469449
-1.784 0.243685 0.243685 0.047918 0.047918
-1.78 0.244494 0.244494 0.0488944 0.0488944
-1.776 0.245303 0.245303 0.049874 0.049874
-1.772 0.246112 0.246112 0.0508568 0.0508568
-1.768 0.246921 0.246921 0.0518429 0.0518429
-1.764 0.24773 0.24773 0.0528322 0.0528322
-1.76 0.248539 0.248539 0.0538247 0.0538247
-1.756 0.249348 0.249348 0.0548205 0.0548205
-1.752 0.250157 0.250157 0.0558195 0.0558195
-1.748 0.250966 0.250966 0.0568218 0.0568218
-1.744 0.251775 0.251775 0.0578272 0.0578272
-1.74 0.252584 0.252584 0.058836 0.058836
-1.736 0.253393 0.253393 0.0598479 0.0598479
-1.732 0.254202 0.254202 0.0608631 0.0608631
-1.728 0.255011 0.255011 0.0618815 0.0618815
-1.724 0.25582 0.25582 0.0629032 0.0629032
-1.72 0.256629 0.256629 0.0639281 0.0639281
-1.716 0.257438 0.257438 0.0649562 0.0649562
-1.712 0.258247 0.258247 0.0659876 0.0659876
-1.708 0.259056 0.259056 0.0670222 0.0670222
-1.704 0.259865 0.259865 0.06806 0.06806
-1.7 0.260674 0.260674 0.0691011 0.0691011
-1.696 0.261483 0.261483 0.0701454 0.0701454
-1.692 0.262292 0.262292 0.071193 0.071193
-1.688 0.263101 0.263101 0.0722438 0.0722438
-1.684 0.26391 0.26391 0.0732978 0.0732978
-1.68 0.264719 0.264719 0.0743551 0.0743551
-1.676 0.265528 0.265528 0.0754156 0.0754156
-1.672 0.266337 0.266337 0.0764793 0.0764793
-1.668 0.267146 0.267146 0.0775462 0.0775462
-1.664 0.267955 0.267955 0.0786164 0.0786164
-1.66 0.268764 0.268764 0.0796899 0.0796899
-1.656 0.269573 0.269573 0.0807666 0.0807666
-1.652 0.270382 0.270382 0.0818465 0.0818465
-1.648 0.271191 0.271191 0.0829296 0.0829296
-1.644 0.272 0.272 0.084016 0.084016
-1.64 0.272809 0.272809 0.0851056 0.0851056
-1.636 0.273618 0.273618 0.0861985 0.0861985
-1.632 0.274427 0.274427 0.0872946 0.0872946
-1.628 0.275236 0.275236 0.0883939 0.0883939
-1.624 0.276045 0.276045 0.0894964 0.0894964
-1.62 0.276854 0.276854 0.0906022 0.0906022
-1.616 0.277663 0.277663 0.0917113 0.0917113
-1.612 0.278472 0.278472 0.0928236 0.0928236
-1.608 0.279281 0.279281 0.0939391 0.0939391
-1.604 0.28009 0.28009 0.0950578 0.0950578
-1.6 0.280899 0.280899 0.0961798 0.0961798
-1.596 0.282188 0.282188 0.0973059 0.0973059
-1.592 0.283478 0.283478 0.0984373 0.0984373
-1.588 0.284767 0.284767 0.0995738 0.0995738
-1.584 0.286056 0.286056 0.100715 0.100715
-1.58 0.287346 0.287346 0.101862 0.101862
-1.576 0.288635 0.288635 0.103014 0.103014
-1.572 0.289924 0.289924 0.104171 0.104171
-1.568 0.291214 0.291214 0.105334 0.105334
-1.564 0.292503 0.292503 0.106501 0.106501
-1.56 0.293793 0.293793 0.107674 0.107674
-1.556 0.295082 0.295082 0.108851 0.108851
-1.552 0.296371 0.296371 0.110034 0.110034
-1.548 0.297661 0.297661 0.111222 0.111222
-1.544 0.29895 0.29895 0.112416 0.112416
-1.54 0.300239 0.300239 0.113614 0.113614
-1.536 0.301529 0.301529 0.114817 0.114817
-1.532 0.302818 0.302818 0.116026 0.116026
-1.528 0.304108 0.304108 0.11724 0.11724
-1.524 0.305397 0.305397 0.118459 0.118459
-1.52 0.306686 0.306686 0.119683 0.119683
-1.516 0.307976 0.307976 0.120913 0.120913
-1.512 0.309265 0.309265 0.122147 0.122147
-1.508 0.310554 0.310554 0.123387 0.123387
-1.504 0.311844 0.311844 0.124631 0.124631
-1.5 0.313133 0.313133 0.125881 0.125881
-1.496 0.314423 0.314423 0.127136 0.127136
-1.492 0.315712 0.315712 0.128397 0.128397
-1.488 0.317001 0.317001 0.129662 0.129662
-1.484 0.318291 0.318291 0.130933 0.130933
-1.48 0.31958 0.31958 0.132209 0.132209
-1.476 0.320869 0.320869 0.133489 0.133489
-1.472 0.322159 0.322159 0.134775 0.134775
-1.468 0.323448 0.323448 0.136067 0.136067
-1.464 0.324738 0.324738 0.137363 0.137363
-1.46 0.326027 0.326027 0.138665 0.138665
-1.456 0.327316 0.327316 0.139971 0.139971
-1.452 0.328606 0.328606 0.141283 0.141283
-1.448 0.329895 0.329895 0.1426 0.1426
-1.444 0.331184 0.331184 0.143922 0.143922
-1.44 0.332474 0.332474 0.14525 0.14525
-1.436 0.333763 0.333763 0.146582 0.146582
-1.432 0.335052 0.335052 0.14792 0.14792
-1.428 0.336342 0.336342 0.149262 0.149262
-1.424 0.337631 0.337631 0.15061 0.15061
-1.42 0.338921 0.338921 0.151964 0.151964
-1.416 0.34021 0.34021 0.153322 0.153322
-1.412 0.341499 0.341499 0.154685 0.154685
-1.408 0.342789 0.342789 0.156054 0.156054
-1.404 0.344078 0.344078 0.157428 0.157428
-1.4 0.345367 0.345367 0.158806 0.158806
-1.396 0.346657 0.346657 0.16019 0.16019
-1.392 0.347946 0.347946 0.16158 0.16158
-1.388 0.349236 0.349236 0.162974 0.162974
-1.384 0.350525 0.350525 0.164374 0.164374
-1.38 0.351814 0.351814 0.165778 0.165778
-1.376 0.353104 0.353104 0.167188 0.167188
-1.372 0.354393 0.354393 0.168603 0.168603
-1.368 0.355682 0.355682 0.170023 0.170023
-1.364 0.356972 0.356972 0.171449 0.171449
-1.36 0.358261 0.358261 0.172879 0.172879
-1.356 0.359551 0.359551 0.174315 0.174315
-1.352 0.36084 0.36084 0.175755 0.175755
-1.348 0.362129 0.362129 0.177201 0.177201
-1.344 0.363419 0.363419 0.178652 0.178652
-1.34 0.364708 0.364708 0.180109 0.180109
-1.336 0.365997 0.365997 0.18157 0.18157
-1.332 0.367287 0.367287 0.183037 0.183037
-1.328 0.368576 0.368576 0.184508 0.184508
-1.324 0.369866 0.369866 0.185985 0.185985
-1.32 0.371155 0.371155 0.187467 0.187467
-1.316 0.372444 0.372444 0.188955 0.188955
-1.312 0.373734 0.373734 0.190447 0.190447
-1.308 0.375023 0.375023 0.191944 0.191944
-1.304 0.376312 0.376312 0.193447 0.193447
-1.3 0.377602 0.377602 0.194955 0.194955
-1.296 0.378891 0.378891 0.196468 0.196468
-1.292 0.380181 0.380181 0.197986 0.197986
-1.288 0.38147 0.38147 0.199509 0.199509
-1.284 0.382759 0.382759 0.201038 0.201038
-1.28 0.384049 0.384049 0.202571 0.202571
-1.276 0.385338 0.385338 0.20411 0.20411
-1.272 0.386627 0.386627 0.205654 0.205654
-1.268 0.387917 0.387917 0.207203 0.207203
-1.264 0.389206 0.389206 0.208757 0.208757
-1.26 0.390495 0.390495 0.210317 0.210317
-1.256 0.391785 0.391785 0.211881 0.211881
-1.252 0.393074 0.393074 0.213451 0.213451
-1.248 0.394364 0.394364 0.215026 0.215026
-1.244 0.395653 0.395653 0.216606 0.216606
-1.24 0.396942 0.396942 0.218191 0.218191
-1.236 0.398232 0.398232 0.219782 0.219782
-1.232 0.399521 0.399521 0.221377 0.221377
-1.228 0.40081 0.40081 0.222978 0.222978
-1.224 0.4021 0.4021 0.224584 0.224584
-1.22 0.403389 0.403389 0.226195 0.226195
-1.216 0.404679 0.404679 0.227811 0.227811
-1.212 0.405968 0.405968 0.229432 0.229432
-1.208 0.407257 0.407257 0.231058 0.231058
-1.204 0.408547 0.408547 0.23269 0.23269
-1.2 0.409836 0.409836 0.234327 0.234327
-1.196 0.411835 0.411835 0.23597 0.23597
-1.192 0.413834 0.413834 0.237621 0.237621
-1.188 0.415834 0.415834 0.239281 0.239281
-1.184 0.417833 0.417833 0.240948 0.240948
-1.18 0.419832 0.419832 0.242623 0.242623
-1.176 0.421831 0.421831 0.244307 0.244307
-1.172 0.42383 0.42383 0.245998 0.245998
-1.168 0.42583 0.42583 0.247697 0.247697
-1.164 0.427829 0.427829 0.249405 0.249405
-1.16 0.429828 0.429828 0.25112 0.25112
-1.156 0.431827 0.431827 0.252843 0.252843
-1.152 0.433826 0.433826 0.254575 0.254575
-1.148 0.435826 0.435826 0.256314 0.256314
-1.144 0.437825 0.437825 0.258061 0.258061
-1.14 0.439824 0.439824 0.259817 0.259817
-1.136 0.441823 0.441823 0.26158 0.26158
-1.132 0.443822 0.443822 0.263351 0.263351
-1.128 0.445822 0.445822 0.26513 0.26513
-1.124 0.447821 0.447821 0.266918 0.266918
-1.12 0.44982 0.44982 0.268713 0.268713
-1.116 0.451819 0.451819 0.270516 0.270516
-1.112 0.453818 0.453818 0.272328 0.272328
-1.108 0.455818 0.455818 0.274147 0.274147
-1.104 0.457817 0.457817 0.275974 0.275974
-1.1 0.459816 0.459816 0.277809 0.277809
-1.096 0.461815 0.461815 0.279653 0.279653
-1.092 0.463814 0.463814 0.281504 0.281504
-1.088 0.465814 0.465814 0.283363 0.283363
-1.084 0.467813 0.467813 0.28523 0.28523
-1.08 0.469812 0.469812 0.287106 0.287106
-1.076 0.471811 0.471811 0.288989 0.288989
-1.072 0.47381 0.47381 0.29088 0.29088
-1.068 0.47581 0.47581 0.292779 0.292779
-1.064 0.477809 0.477809 0.294687 0.294687
-1.06 0.479808 0.479808 0.296602 0.296602
-1.056 0.481807 0.481807 0.298525 0.298525
-1.052 0.483806 0.483806 0.300456 0.300456
-1.048 0.485806 0.485806 0.302396 0.302396
-1.044 0.487805 0.487805 0.304343 0.304343
-1.04 0.489804 0.489804 0.306298 0.306298
-1.036 0.491803 0.491803 0.308261 0.308261
-1.032 0.493802 0.493802 0.310232 0.310232
-1.028 0.495802 0.495802 0.312212 0.312212
-1.024 0.497801 0.497801 0.314199 0.314199
-1.02 0.4998 0.4998 0.316194 0.316194
-1.016 0.501799 0.501799 0.318197 0.318197
-1.012 0.503798 0.503798 0.320208 0.320208
-1.008 0.505798 0.505798 0.322228 0.322228
-1.004 0.507797 0.507797 0.324255 0.324255
-1 0.509796 0.509796 0.32629 0.32629
-0.996 0.511795 0.511795 0.328333 0.328333
-0.992 0.513794 0.513794 0.330384 0.330384
-0.988 0.515794 0.515794 0.332444 0.332444
-0.984 0.517793 0.517793 0.334511 0.334511
-0.98 0.519792 0.519792 0.336586 0.336586
-0.976 0.521791 0.521791 0.338669 0.338669
-0.972 0.52379 0.52379 0.34076 0.34076
-0.968 0.52579 0.52579 0.342859 0.342859
-0.964 0.527789 0.527789 0.344967 0.344967
-0.96 0.529788 0.529788 0.347082 0.347082
-0.956 0.531787 0.531787 0.349205 0.349205
-0.952 0.533786 0.533786 0.351336 0.351336
-0.948 0.535786 0.535786 0.353475 0.353475
-0.944 0.537785 0.537785 0.355622 0.355622
-0.94 0.539784 0.539784 0.357777 0.357777
-0.936 0.541783 0.541783 0.359941 0.359941
-0.932 0.543782 0.543782 0.362112 0.362112
-0.928 0.545782 0.545782 0.364291 0.364291
-0.924 0.547781 0.547781 0.366478 0.366478
-0.92 0.54978 0.54978 0.368673 0.368673
-0.916 0.551779 0.551779 0.370876 0.370876
-0.912 0.553778 0.553778 0.373087 0.373087
-0.908 0.555778 0.555778 0.375306 0.375306
-0.904 0.557777 0.557777 0.377533 0.377533
-0.9 0.559776 0.559776 0.379769 0.379769
-0.896 0.561775 0.561775 0.382012 0.382012
-0.892 0.563774 0.563774 0.384263 0.384263
-0.888 0.565774 0.565774 0.386522 0.386522
-0.884 0.567773 0.567773 0.388789 0.388789
-0.88 0.569772 0.569772 0.391064 0.391064
-0.876 0.571771 0.571771 0.393347 0.393347
-0.872 0.57377 0.57377 0.395638 0.395638
-0.868 0.57577 0.57577 0.397937 0.397937
-0.864 0.577769 0.577769 0.400244 0.400244
-0.86 0.579768 0.579768 0.402559 0.402559
-0.856 0.581767 0.581767 0.404883 0.404883
-0.852 0.583766 0.583766 0.407214 0.407214
-0.848 0.585766 0.585766 0.409553 0.409553
-0.844 0.587765 0.587765 0.4119 0.4119
-0.84 0.589764 0.589764 0.414255 0.414255
-0.836 0.591763 0.591763 0.416618 0.416618
-0.832 0.593762 0.593762 0.418989 0.418989
-0.828 0.595762 0.595762 0.421368 0.421368
-0.824 0.597761 0.597761 0.423755 0.423755
-0.82 0.59976 0.59976 0.42615 0.42615
-0.816 0.601759 0.601759 0.428553 0.428553
-0.812 0.603758 0.603758 0.430964 0.430964
-0.808 0.605758 0.605758 0.433383 0.433383
-0.804 0.607757 0.607757 0.43581 0.43581
-0.8 0.609756 0.609756 0.438245 0.438245
-0.796 0.612279 0.612279 0.440689 0.440689
-0.792 0.614802 0.614802 0.443143 0.443143
-0.788 0.617325 0.617325 0.445608 0.445608
-0.784 0.619849 0.619849 0.448082 0.448082
-0.78 0.622372 0.622372 0.450566 0.450566
-0.776 0.624895 0.624895 0.453061 0.453061
-0.772 0.627418 0.627418 0.455566 0.455566
-0.768 0.629941 0.629941 0.45808 0.45808
-0.764 0.632464 0.632464 0.460605 0.460605
-0.76 0.634987 0.634987 0.46314 0.46314
-0.756 0.637511 0.637511 0.465685 0.465685
-0.752 0.640034 0.640034 0.46824 0.46824
-0.748 0.642557 0.642557 0.470805 0.470805
-0.744 0.64508 0.64508 0.473381 0.473381
-0.74 0.647603 0.647603 0.475966 0.475966
-0.736 0.650126 0.650126 0.478561 0.478561
-0.732 0.652649 0.652649 0.481167 0.481167
-0.728 0.655172 0.655172 0.483783 0.483783
-0.724 0.657696 0.657696 0.486408 0.486408
-0.72 0.660219 0.660219 0.489044 0.489044
-0.716 0.662742 0.662742 0.49169 0.49169
-0.712 0.665265 0.665265 0.494346 0.494346
-0.708 0.667788 0.667788 0.497012 0.497012
-0.704 0.670311 0.670311 0.499688 0.499688
-0.7 0.672834 0.672834 0.502375 0.502375
-0.696 0.675357 0.675357 0.505071 0.505071
-0.692 0.677881 0.677881 0.507778 0.507778
-0.688 0.680404 0.680404 0.510494 0.510494
-0.684 0.682927 0.682927 0.513221 0.513221
-0.68 0.68545 0.68545 0.515958 0.515958
-0.676 0.687973 0.687973 0.518704 0.518704
-0.672 0.690496 0.690496 0.521461 0.521461
-0.668 0.693019 0.693019 0.524228 0.524228
-0.664 0.695542 0.695542 0.527005 0.527005
-0.66 0.698066 0.698066 0.529793 0.529793
-0.656 0.700589 0.700589 0.53259 0.53259
-0.652 0.703112 0.703112 0.535397 0.535397
-0.648 0.705635 0.705635 0.538215 0.538215
-0.644 0.708158 0.708158 0.541043 0.541043
-0.64 0.710681 0.710681 0.54388 0.54388
-0.636 0.713204 0.713204 0.546728 0.546728
-0.632 0.715728 0.715728 0.549586 0.549586
-0.628 0.718251 0.718251 0.552454 0.552454
-0.624 0.720774 0.720774 0.555332 0.555332
-0.62 0.723297 0.723297 0.55822 0.55822
-0.616 0.72582 0.72582 0.561118 0.561118
-0.612 0.728343 0.728343 0.564027 0.564027
-0.608 0.730866 0.730866 0.566945 0.566945
-0.604 0.733389 0.733389 0.569873 0.569873
-0.6 0.735913 0.735913 0.572812 0.572812
-0.596 0.738436 0.738436 0.575761 0.575761
-0.592 0.740959 0.740959 0.57872 0.57872
-0.588 0.743482 0.743482 0.581688 0.581688
-0.584 0.746005 0.746005 0.584667 0.584667
-0.58 0.748528 0.748528 0.587656 0.587656
-0.576 0.751051 0.751051 0.590656 0.590656
-0.572 0.753574 0.753574 0.593665 0.593665
-0.568 0.756098 0.756098 0.596684 0.596684
-0.564 0.758621 0.758621 0.599714 0.599714
-0.56 0.761144 0.761144 0.602753 0.602753
-0.556 0.763667 0.763667 0.605803 0.605803
-0.552 0.76619 0.76619 0.608863 0.608863
-0.548 0.768713 0.768713 0.611932 0.611932
-0.544 0.771236 0.771236 0.615012 0.615012
-0.54 0.773759 0.773759 0.618102 0.618102
-0.536 0.776283 0.776283 0.621202 0.621202
-0.532 0.778806 0.778806 0.624312 0.624312
-0.528 0.781329 0.781329 0.627433 0.627433
-0.524 0.783852 0.783852 0.630563 0.630563
-0.52 0.786375 0.786375 0.633704 0.633704
-0.516 0.788898 0.788898 0.636854 0.636854
-0.512 0.791421 0.791421 0.640015 0.640015
-0.508 0.793944 0.793944 0.643185 0.643185
-0.504 0.796468 0.796468 0.646366 0.646366
-0.5 0.798991 0.798991 0.649557 0.649557
-0.496 0.801514 0.801514 0.652758 0.652758
-0.492 0.804037 0.804037 0.655969 0.655969
-0.488 0.80656 0.80656 0.659191 0.659191
-0.484 0.809083 0.809083 0.662422 0.662422
-0.48 0.811606 0.811606 0.665663 0.665663
-0.476 0.81413 0.81413 0.668915 0.668915
-0.472 0.816653 0.816653 0.672176 0.672176
-0.468 0.819176 0.819176 0.675448 0.675448
-0.464 0.821699 0.821699 0.67873 0.67873
-0.46 0.824222 0.824222 0.682021 0.682021
-0.456 0.826745 0.826745 0.685323 0.685323
-0.452 0.829268 0.829268 0.688635 0.688635
-0.448 0.831791 0.831791 0.691958 0.691958
-0.444 0.834315 0.834315 0.69529 0.69529
-0.44 0.836838 0.836838 0.698632 0.698632
-0.436 0.839361 0.839361 0.701984 0.701984
-0.432 0.841884 0.841884 0.705347 0.705347
-0.428 0.844407 0.844407 0.70872 0.70872
-0.424 0.84693 0.84693 0.712102 0.712102
-0.42 0.849453 0.849453 0.715495 0.715495
-0.416 0.851976 0.851976 0.718898 0.718898
-0.412 0.8545 0.8545 0.722311 0.722311
-0.408 0.857023 0.857023 0.725734 0.725734
-0.404 0.859546 0.859546 0.729167 0.729167
-0.4 0.862069 0.862069 0.73261 0.73261
-0.396 0.863448 0.863448 0.736061 0.736061
-0.392 0.864828 0.864828 0.739518 0.739518
-0.388 0.866207 0.866207 0.74298 0.74298
-0.384 0.867586 0.867586 0.746447 0.746447
-0.38 0.868966 0.868966 0.749921 0.749921
-0.376 0.870345 0.870345 0.753399 0.753399
-0.372 0.871724 0.871724 0.756883 0.756883
-0.368 0.873103 0.873103 0.760373 0.760373
-0.364 0.874483 0.874483 0.763868 0.763868
-0.36 0.875862 0.875862 0.767369 0.767369
-0.356 0.877241 0.877241 0.770875 0.770875
-0.352 0.878621 0.878621 0.774387 0.774387
-0.348 0.88 0.88 0.777904 0.777904
-0.344 0.881379 0.881379 0.781427 0.781427
-0.34 0.882759 0.882759 0.784955 0.784955
-0.336 0.884138 0.884138 0.788489 0.788489
-0.332 0.885517 0.885517 0.792028 0.792028
-0.328 0.886897 0.886897 0.795573 0.795573
-0.324 0.888276 0.888276 0.799123 0.799123
-0.32 0.889655 0.889655 0.802679 0.802679
-0.316 0.891034 0.891034 0.806241 0.806241
-0.312 0.892414 0.892414 0.809807 0.809807
-0.308 0.893793 0.893793 0.81338 0.81338
-0.304 0.895172 0.895172 0.816958 0.816958
-0.3 0.896552 0.896552 0.820541 0.820541
-0.296 0.897931 0.897931 0.82413 0.82413
-0.292 0.89931 0.89931 0.827725 0.827725
-0.288 0.90069 0.90069 0.831325 0.831325
-0.284 0.902069 0.902069 0.83493 0.83493
-0.28 0.903448 0.903448 0.838541 0.838541
-0.276 0.904828 0.904828 0.842158 0.842158
-0.272 0.906207 0.906207 0.84578 0.84578
-0.268 0.907586 0.907586 0.849407 0.849407
-0.264 0.908966 0.908966 0.853041 0.853041
-0.26 0.910345 0.910345 0.856679 0.856679
-0.256 0.911724 0.911724 0.860323 0.860323
-0.252 0.913103 0.913103 0.863973 0.863973
-0.248 0.914483 0.914483 0.867628 0.867628
-0.244 0.915862 0.915862 0.871289 0.871289
-0.24 0.917241 0.917241 0.874955 0.874955
-0.236 0.918621 0.918621 0.878627 0.878627
-0.232 0.92 0.92 0.882304 0.882304
-0.228 0.921379 0.921379 0.885987 0.885987
-0.224 0.922759 0.922759 0.889675 0.889675
-0.22 0.924138 0.924138 0.893369 0.893369
-0.216 0.925517 0.925517 0.897068 0.897068
-0.212 0.926897 0.926897 0.900773 0.900773
-0.208 0.928276 0.928276 0.904483 0.904483
-0.204 0.929655 0.929655 0.908199 0.908199
-0.2 0.931034 0.931034 0.911921 0.911921
-0.196 0.932414 0.932414 0.915647 0.915647
-0.192 0.933793 0.933793 0.91938 0.91938
-0.188 0.935172 0.935172 0.923118 0.923118
-0.184 0.936552 0.936552 0.926861 0.926861
-0.18 0.937931 0.937931 0.93061 0.93061
-0.176 0.93931 0.93931 0.934365 0.934365
-0.172 0.94069 0.94069 0.938125 0.938125
-0.168 0.942069 0.942069 0.94189 0.94189
-0.164 0.943448 0.943448 0.945661 0.945661
-0.16 0.944828 0.944828 0.949438 0.949438
-0.156 0.946207 0.946207 0.95322 0.95322
-0.152 0.947586 0.947586 0.957007 0.957007
-0.148 0.948966 0.948966 0.960801 0.960801
-0.144 0.950345 0.950345 0.964599 0.964599
-0.14 0.951724 0.951724 0.968403 0.968403
-0.136 0.953103 0.953103 0.972213 0.972213
-0.132 0.954483 0.954483 0.976028 0.976028
-0.128 0.955862 0.955862 0.979849 0.979849
-0.124 0.957241 0.957241 0.983675 0.983675
-0.12 0.958621 0.958621 0.987507 0.987507
-0.116 0.96 0.96 0.991344 0.991344
-0.112 0.961379 0.961379 0.995187 0.995187
-0.108 0.962759 0.962759 0.999035 0.999035
-0.104 0.964138 0.964138 1.00289 1.00289
-0.1 0.965517 0.965517 1.00675 1.00675
-0.096 0.966897 0.966897 1.01061 1.01061
-0.092 0.968276 0.968276 1.01448 1.01448
-0.088 0.969655 0.969655 1.01836 1.01836
-0.084 0.971034 0.971034 1.02224 1.02224
-0.08 0.972414 0.972414 1.02613 1.02613
-0.076 0.973793 0.973793 1.03002 1.03002
-0.072 0.975172 0.975172 1.03392 1.03392
-0.068 0.976552 0.976552 1.03782 1.03782
-0.064 0.977931 0.977931 1.04173 1.04173
-0.06 0.97931 0.97931 1.04564 1.04564
-0.056 0.98069 0.98069 1.04956 1.04956
-0.052 0.982069 0.982069 1.05349 1.05349
-0.048 0.983448 0.983448 1.05742 1.05742
-0.044 0.984828 0.984828 1.06136 1.06136
-0.04 0.986207 0.986207 1.0653 1.0653
-0.036 0.987586 0.987586 1.06925 1.06925
-0.032 0.988966 0.988966 1.0732 1.0732
-0.028 0.990345 0.990345 1.07716 1.07716
-0.024 0.991724 0.991724 1.08112 1.08112
-0.02 0.993103 0.993103 1.08509 1.08509
-0.016 0.994483 0.994483 1.08907 1.08907
-0.012 0.995862 0.995862 1.09305 1.09305
-0.008 0.997241 0.997241 1.09704 1.09704
-0.004 0.998621 0.998621 1.10103 1.10103
0 1 1 1.10502 1.10502
0.004 0.998621 0.998621 1.10902 1.10902
0.008 0.997241 0.997241 1.11301 1.11301
0.012 0.995862 0.995862 1.117 1.117
0.016 0.994483 0.994483 1.12098 1.12098
0.02 0.993103 0.993103 1.12496 1.12496
0.024 0.991724 0.991724 1.12892 1.12892
0.028 0.990345 0.990345 1.13289 1.13289
0.032 0.988966 0.988966 1.13685 1.13685
0.036 0.987586 0.987586 1.1408 1.1408
0.04 0.986207 0.986207 1.14475 1.14475
0.044 0.984828 0.984828 1.14869 1.14869
0.048 0.983448 0.983448 1.15263 1.15263
0.052 0.982069 0.982069 1.15656 1.15656
0.056 0.98069 0.98069 1.16048 1.16048
0.06 0.97931 0.97931 1.1644 1.1644
0.064 0.977931 0.977931 1.16832 1.16832
0.068 0.976552 0.976552 1.17223 1.17223
0.072 0.975172 0.975172 1.17613 1.17613
0.076 0.973793 0.973793 1.18003 1.18003
0.08 0.972414 0.972414 1.18392 1.18392
0.084 0.971034 0.971034 1.18781 1.18781
0.088 0.969655 0.969655 1.19169 1.19169
0.092 0.968276 0.968276 1.19556 1.19556
0.096 0.966897 0.966897 1.19944 1.19944
0.1 0.965517 0.965517 1.2033 1.2033
0.104 0.964138 0.964138 1.20716 1.20716
0.108 0.962759 0.962759 1.21101 1.21101
0.112 0.961379 0.961379 1.21486 1.21486
0.116 0.96 0.96 1.2187 1.2187
0.12 0.958621 0.958621 1.22254 1.22254
0.124 0.957241 0.957241 1.22637 1.22637
0.128 0.955862 0.955862 1.2302 1.2302
0.132 0.954483 0.954483 1.23402 1.23402
0.136 0.953103 0.953103 1.23784 1.23784
0.14 0.951724 0.951724 1.24164 1.24164
0.144 0.950345 0.950345 1.24545 1.24545
0.148 0.948966 0.948966 1.24925 1.24925
0.152 0.947586 0.947586 1.25304 1.25304
0.156 0.946207 0.946207 1.25683 1.25683
0.16 0.944828 0.944828 1.26061 1.26061
0.164 0.943448 0.943448 1.26439 1.26439
0.168 0.942069 0.942069 1.26816 1.26816
0.172 0.94069 0.94069 1.27192 1.27192
0.176 0.93931 0.93931 1.27568 1.27568
0.18 0.937931 0.937931 1.27944 1.27944
0.184 0.936552 0.936552 1.28319 1.28319
0.188 0.935172 0.935172 1.28693 1.28693
0.192 0.933793 0.933793 1.29067 1.29067
0.196 0.932414 0.932414 1.2944 1.2944
0.2 0.931034 0.931034 1.29813 1.29813
0.204 0.929655 0.929655 1.30185 1.30185
0.208 0.928276 0.928276 1.30556 1.30556
0.212 0.926897 0.926897 1.30928 1.30928
0.216 0.925517 0.925517 1.31298 1.31298
0.22 0.924138 0.924138 1.31668 1.31668
0.224 0.922759 0.922759 1.32037 1.32037
0.228 0.921379 0.921379 1.32406 1.32406
0.232 0.92 0.92 1.32774 1.32774
0.236 0.918621 0.918621 1.33142 1.33142
0.24 0.917241 0.917241 1.33509 1.33509
0.244 0.915862 0.915862 1.33876 1.33876
0.248 0.914483 0.914483 1.34242 1.34242
0.252 0.913103 0.913103 1.34608 1.34608
0.256 0.911724 0.911724 1.34972 1.34972
0.26 0.910345 0.910345 1.35337 1.35337
0.264 0.908966 0.908966 1.35701 1.35701
0.268 0.907586 0.907586 1.36064 1.36064
0.272 0.906207 0.906207 1.36427 1.36427
0.276 0.904828 0.904828 1.36789 1.36789
0.28 0.903448 0.903448 1.37151 1.37151
0.284 0.902069 0.902069 1.37512 1.37512
0.288 0.90069 0.90069 1.37872 1.37872
0.292 0.89931 0.89931 1.38232 1.38232
0.296 0.897931 0.897931 1.38592 1.38592
0.3 0.896552 0.896552 1.38951 1.38951
0.304 0.895172 0.895172 1.39309 1.39309
0.308 0.893793 0.893793 1.39667 1.39667
0.312 0.892414 0.892414 1.40024 1.40024
0.316 0.891034 0.891034 1.40381 1.40381
0.32 0.889655 0.889655 1.40737 1.40737
0.324 0.888276 0.888276 1.41092 1.41092
0.328 0.886897 0.886897 1.41448 1.41448
0.332 0.885517 0.885517 1.41802 1.41802
0.336 0.884138 0.884138 1.42156 1.42156
0.34 0.882759 0.882759 1.42509 1.42509
0.344 0.881379 0.881379 1.42862 1.42862
0.348 0.88 0.88 1.43214 1.43214
0.352 0.878621 0.878621 1.43566 1.43566
0.356 0.877241 0.877241 1.43917 1.43917
0.36 0.875862 0.875862 1.44268 1.44268
0.364 0.874483 0.874483 1.44618 1.44618
0.368 0.873103 0.873103 1.44968 1.44968
0.372 0.871724 0.871724 1.45316 1.45316
0.376 0.870345 0.870345 1.45665 1.45665
0.38 0.868966 0.868966 1.46013 1.46013
0.384 0.867586 0.867586 1.4636 1.4636
0.388 0.866207 0.866207 1.46707 1.46707
0.392 0.864828 0.864828 1.47053 1.47053
0.396 0.863448 0.863448 1.47399 1.47399
0.4 0.862069 0.862069 1.47744 1.47744
0.404 0.859546 0.859546 1.48088 1.48088
0.408 0.857023 0.857023 1.48431 1.48431
0.412 0.8545 0.8545 1.48774 1.48774
0.416 0.851976 0.851976 1.49115 1.49115
0.42 0.849453 0.849453 1.49455 1.49455
0.424 0.84693 0.84693 1.49795 1.49795
0.428 0.844407 0.844407 1.50133 1.50133
0.432 0.841884 0.841884 1.5047 1.5047
0.436 0.839361 0.839361 1.50806 1.50806
0.44 0.836838 0.836838 1.51142 1.51142
0.444 0.834315 0.834315 1.51476 1.51476
0.448 0.831791 0.831791 1.51809 1.51809
0.452 0.829268 0.829268 1.52141 1.52141
0.456 0.826745 0.826745 1.52472 1.52472
0.46 0.824222 0.824222 1.52803 1.52803
0.464 0.821699 0.821699 1.53132 1.53132
0.468 0.819176 0.819176 1.5346 1.5346
0.472 0.816653 0.816653 1.53787 1.53787
0.476 0.81413 0.81413 1.54113 1.54113
0.48 0.811606 0.811606 1.54438 1.54438
0.484 0.809083 0.809083 1.54763 1.54763
0.488 0.80656 0.80656 1.55086 1.55086
0.492 0.804037 0.804037 1.55408 1.55408
0.496 0.801514 0.801514 1.55729 1.55729
0.5 0.798991 0.798991 1.56049 1.56049
0.504 0.796468 0.796468 1.56368 1.56368
0.508 0.793944 0.793944 1.56686 1.56686
0.512 0.791421 0.791421 1.57003 1.57003
0.516 0.788898 0.788898 1.57319 1.57319
0.52 0.786375 0.786375 1.57634 1.57634
0.524 0.783852 0.783852 1.57948 1.57948
0.528 0.781329 0.781329 1.58262 1.58262
0.532 0.778806 0.778806 1.58574 1.58574
0.536 0.776283 0.776283 1.58885 1.58885
0.54 0.773759 0.773759 1.59195 1.59195
0.544 0.771236 0.771236 1.59504 1.59504
0.548 0.768713 0.768713 1.59812 1.59812
0.552 0.76619 0.76619 1.60119 1.60119
0.556 0.763667 0.763667 1.60425 1.60425
0.56 0.761144 0.761144 1.60729 1.60729
0.564 0.758621 0.758621 1.61033 1.61033
0.568 0.756098 0.756098 1.61336 1.61336
0.572 0.753574 0.753574 1.61638 1.61638
0.576 0.751051 0.751051 1.61939 1.61939
0.58 0.748528 0.748528 1.62239 1.62239
0.584 0.746005 0.746005 1.62538 1.62538
0.588 0.743482 0.743482 1.62836 1.62836
0.592 0.740959 0.740959 1.63133 1.63133
0.596 0.738436 0.738436 1.63429 1.63429
0.6 0.735913 0.735913 1.63724 1.63724
0.604 0.733389 0.733389 1.64017 1.64017
0.608 0.730866 0.730866 1.6431 1.6431
0.612 0.728343 0.728343 1.64602 1.64602
0.616 0.72582 0.72582 1.64893 1.64893
0.62 0.723297 0.723297 1.65183 1.65183
0.624 0.720774 0.720774 1.65472 1.65472
0.628 0.718251 0.718251 1.65759 1.65759
0.632 0.715728 0.715728 1.66046 1.66046
0.636 0.713204 0.713204 1.66332 1.66332
0.64 0.710681 0.710681 1.66617 1.66617
0.644 0.708158 0.708158 1.66901 1.66901
0.648 0.705635 0.705635 1.67183 1.67183
0.652 0.703112 0.703112 1.67465 1.67465
0.656 0.700589 0.700589 1.67746 1.67746
0.66 0.698066 0.698066 1.68026 1.68026
0.664 0.695542 0.695542 1.68304 1.68304
0.668 0.693019 0.693019 1.68582 1.68582
0.672 0.690496 0.690496 1.68859 1.68859
0.676 0.687973 0.687973 1.69134 1.69134
0.68 0.68545 0.68545 1.69409 1.69409
0.684 0.682927 0.682927 1.69683 1.69683
0.688 0.680404 0.680404 1.69955 1.69955
0.692 0.677881 0.677881 1.70227 1.70227
0.696 0.675357 0.675357 1.70498 1.70498
0.7 0.672834 0.672834 1.70767 1.70767
0.704 0.670311 0.670311 1.71036 1.71036
0.708 0.667788 0.667788 1.71304 1.71304
0.712 0.665265 0.665265 1.7157 1.7157
0.716 0.662742 0.662742 1.71836 1.71836
0.72 0.660219 0.660219 1.721 1.721
0.724 0.657696 0.657696 1.72364 1.72364
0.728 0.655172 0.655172 1.72627 1.72627
0.732 0.652649 0.652649 1.72888 1.72888
0.736 0.650126 0.650126 1.73149 1.73149
0.74 0.647603 0.647603 1.73408 1.73408
0.744 0.64508 0.64508 1.73667 1.73667
0.748 0.642557 0.642557 1.73924 1.73924
0.752 0.640034 0.640034 1.74181 1.74181
0.756 0.637511 0.637511 1.74436 1.74436
0.76 0.634987 0.634987 1.74691 1.74691
0.764 0.632464 0.632464 1.74944 1.74944
0.768 0.629941 0.629941 1.75197 1.75197
0.772 0.627418 0.627418 1.75448 1.75448
0.776 0.624895 0.624895 1.75699 1.75699
0.78 0.622372 0.622372 1.75948 1.75948
0.784 0.619849 0.619849 1.76197 1.76197
0.788 0.617325 0.617325 1.76444 1.76444
0.792 0.614802 0.614802 1.7669 1.7669
0.796 0.612279 0.612279 1.76936 1.76936
0.8 0.609756 0.609756 1.7718 1.7718
0.804 0.607757 0.607757 1.77424 1.77424
0.808 0.605758 0.605758 1.77666 1.77666
0.812 0.603758 0.603758 1.77908 1.77908
0.816 0.601759 0.601759 1.78149 1.78149
0.82 0.59976 0.59976 1.7839 1.7839
0.824 0.597761 0.597761 1.78629 1.78629
0.828 0.595762 0.595762 1.78868 1.78868
0.832 0.593762 0.593762 1.79106 1.79106
0.836 0.591763 0.591763 1.79343 1.79343
0.84 0.589764 0.589764 1.79579 1.79579
0.844 0.587765 0.587765 1.79815 1.79815
0.848 0.585766 0.585766 1.8005 1.8005
0.852 0.583766 0.583766 1.80283 1.80283
0.856 0.581767 0.581767 1.80517 1.80517
0.86 0.579768 0.579768 1.80749 1.80749
0.864 0.577769 0.577769 1.8098 1.8098
0.868 0.57577 0.57577 1.81211 1.81211
0.872 0.57377 0.57377 1.81441 1.81441
0.876 0.571771 0.571771 1.8167 1.8167
0.88 0.569772 0.569772 1.81898 1.81898
0.884 0.567773 0.567773 1.82126 1.82126
0.888 0.565774 0.565774 1.82353 1.82353
0.892 0.563774 0.563774 1.82579 1.82579
0.896 0.561775 0.561775 1.82804 1.82804
0.9 0.559776 0.559776 1.83028 1.83028
0.904 0.557777 0.557777 1.83251 1.83251
0.908 0.555778 0.555778 1.83474 1.83474
0.912 0.553778 0.553778 1.83696 1.83696
0.916 0.551779 0.551779 1.83917 1.83917
0.92 0.54978 0.54978 1.84137 1.84137
0.924 0.547781 0.547781 1.84357 1.84357
0.928 0.545782 0.545782 1.84576 1.84576
0.932 0.543782 0.543782 1.84794 1.84794
0.936 0.541783 0.541783 1.85011 1.85011
0.94 0.539784 0.539784 1.85227 1.85227
0.944 0.537785 0.537785 1.85443 1.85443
0.948 0.535786 0.535786 1.85657 1.85657
0.952 0.533786 0.533786 1.85871 1.85871
0.956 0.531787 0.531787 1.86084 1.86084
0.96 0.529788 0.529788 1.86297 1.86297
0.964 0.527789 0.527789 1.86508 1.86508
0.968 0.52579 0.52579 1.86719 1.86719
0.972 0.52379 0.52379 1.86929 1.86929
0.976 0.521791 0.521791 1.87138 1.87138
0.98 0.519792 0.519792 1.87346 1.87346
0.984 0.517793 0.517793 1.87554 1.87554
0.988 0.515794 0.515794 1.8776 1.8776
0.992 0.513794 0.513794 1.87966 1.87966
0.996 0.511795 0.511795 1.88171 1.88171
1 0.509796 0.509796 1.88376 1.88376
1.004 0.507797 0.507797 1.88579 1.88579
1.008 0.505798 0.505798 1.88782 1.88782
1.012 0.503798 0.503798 1.88984 1.88984
1.016 0.501799 0.501799 1.89185 1.89185
1.02 0.4998 0.4998 1.89385 1.89385
1.024 0.497801 0.497801 1.89585 1.89585
1.028 0.495802 0.495802 1.89784 1.89784
1.032 0.493802 0.493802 1.89982 1.89982
1.036 0.491803 0.491803 1.90179 1.90179
1.04 0.489804 0.489804 1.90375 1.90375
1.044 0.487805 0.487805 1.90571 1.90571
1.048 0.485806 0.485806 1.90765 1.90765
1.052 0.483806 0.483806 1.90959 1.90959
1.056 0.481807 0.481807 1.91152 1.91152
1.06 0.479808 0.479808 1.91345 1.91345
1.064 0.477809 0.477809 1.91536 1.91536
1.068 0.47581 0.47581 1.91727 1.91727
1.072 0.47381 0.47381 1.91917 1.91917
1.076 0.471811 0.471811 1.92106 1.92106
1.08 0.469812 0.469812 1.92294 1.92294
1.084 0.467813 0.467813 1.92482 1.92482
1.088 0.465814 0.465814 1.92668 1.92668
1.092 0.463814 0.463814 1.92854 1.92854
1.096 0.461815 0.461815 1.9304 1.9304
1.1 0.459816 0.459816 1.93224 1.93224
1.104 0.457817 0.457817 1.93407 1.93407
1.108 0.455818 0.455818 1.9359 1.9359
1.112 0.453818 0.453818 1.93772 1.93772
1.116 0.451819 0.451819 1.93953 1.93953
1.12 0.44982 0.44982 1.94133 1.94133
1.124 0.447821 0.447821 1.94313 1.94313
1.128 0.445822 0.445822 1.94492 1.94492
1.132 0.443822 0.443822 1.9467 1.9467
1.136 0.441823 0.441823 1.94847 1.94847
1.14 0.439824 0.439824 1.95023 1.95023
1.144 0.437825 0.437825 1.95199 1.95199
1.148 0.435826 0.435826 1.95373 1.95373
1.152 0.433826 0.433826 1.95547 1.95547
1.156 0.431827 0.431827 1.9572 1.9572
1.16 0.429828 0.429828 1.95893 1.95893
1.164 0.427829 0.427829 1.96064 1.96064
1.168 0.42583 0.42583 1.96235 1.96235
1.172 0.42383 0.42383 1.96405 1.96405
1.176 0.421831 0.421831 1.96574 1.96574
1.18 0.419832 0.419832 1.96742 1.96742
1.184 0.417833 0.417833 1.9691 1.9691
1.188 0.415834 0.415834 1.97077 1.97077
1.192 0.413834 0.413834 1.97243 1.97243
1.196 0.411835 0.411835 1.97408 1.97408
1.2 0.409836 0.409836 1.97572 1.97572
1.204 0.408547 0.408547 1.97736 1.97736
1.208 0.407257 0.407257 1.97899 1.97899
1.212 0.405968 0.405968 1.98062 1.98062
1.216 0.404679 0.404679 1.98224 1.98224
1.22 0.403389 0.403389 1.98385 1.98385
1.224 0.4021 0.4021 1.98546 1.98546
1.228 0.40081 0.40081 1.98707 1.98707
1.232 0.399521 0.399521 1.98867 1.98867
1.236 0.398232 0.398232 1.99027 1.99027
1.24 0.396942 0.396942 1.99186 1.99186
1.244 0.395653 0.395653 1.99344 1.99344
1.248 0.394364 0.394364 1.99502 1.99502
1.252 0.393074 0.393074 1.9966 1.9966
1.256 0.391785 0.391785 1.99817 1.99817
1.26 0.390495 0.390495 1.99973 1.99973
1.264 0.389206 0.389206 2.00129 2.00129
1.268 0.387917 0.387917 2.00284 2.00284
1.272 0.386627 0.386627 2.00439 2.00439
1.276 0.385338 0.385338 2.00594 2.00594
1.28 0.384049 0.384049 2.00748 2.00748
1.284 0.382759 0.382759 2.00901 2.00901
1.288 0.38147 0.38147 2.01054 2.01054
1.292 0.380181 0.380181 2.01206 2.01206
1.296 0.378891 0.378891 2.01358 2.01358
1.3 0.377602 0.377602 2.01509 2.01509
1.304 0.376312 0.376312 2.0166 2.0166
1.308 0.375023 0.375023 2.0181 2.0181
1.312 0.373734 0.373734 2.0196 2.0196
1.316 0.372444 0.372444 2.02109 2.02109
1.32 0.371155 0.371155 2.02258 2.02258
1.324 0.369866 0.369866 2.02406 2.02406
1.328 0.368576 0.368576 2.02554 2.02554
1.332 0.367287 0.367287 2.02701 2.02701
1.336 0.365997 0.365997 2.02848 2.02848
1.34 0.364708 0.364708 2.02994 2.02994
1.344 0.363419 0.363419 2.0314 2.0314
1.348 0.362129 0.362129 2.03285 2.03285
1.352 0.36084 0.36084 2.03429 2.03429
1.356 0.359551 0.359551 2.03573 2.03573
1.36 0.358261 0.358261 2.03717 2.03717
1.364 0.356972 0.356972 2.0386 2.0386
1.368 0.355682 0.355682 2.04002 2.04002
1.372 0.354393 0.354393 2.04144 2.04144
1.376 0.353104 0.353104 2.04286 2.04286
1.38 0.351814 0.351814 2.04427 2.04427
1.384 0.350525 0.350525 2.04567 2.04567
1.388 0.349236 0.349236 2.04707 2.04707
1.392 0.347946 0.347946 2.04847 2.04847
1.396 0.346657 0.346657 2.04986 2.04986
1.4 0.345367 0.345367 2.05124 2.05124
1.404 0.344078 0.344078 2.05262 2.05262
1.408 0.342789 0.342789 2.05399 2.05399
1.412 0.341499 0.341499 2.05536 2.05536
1.416 0.34021 0.34021 2.05673 2.05673
1.42 0.338921 0.338921 2.05808 2.05808
1.424 0.337631 0.337631 2.05944 2.05944
1.428 0.336342 0.336342 2.06079 2.06079
1.432 0.335052 0.335052 2.06213 2.06213
1.436 0.333763 0.333763 2.06347 2.06347
1.44 0.332474 0.332474 2.0648 2.0648
1.444 0.331184 0.331184 2.06613 2.06613
1.448 0.329895 0.329895 2.06745 2.06745
1.452 0.328606 0.328606 2.06876 2.06876
1.456 0.327316 0.327316 2.07008 2.07008
1.46 0.326027 0.326027 2.07138 2.07138
1.464 0.324738 0.324738 2.07268 2.07268
1.468 0.323448 0.323448 2.07398 2.07398
1.472 0.322159 0.322159 2.07527 2.07527
1.476 0.320869 0.320869 2.07656 2.07656
1.48 0.31958 0.31958 2.07784 2.07784
1.484 0.318291 0.318291 2.07912 2.07912
1.488 0.317001 0.317001 2.08039 2.08039
1.492 0.315712 0.315712 2.08165 2.08165
1.496 0.314423 0.314423 2.08291 2.08291
1.5 0.313133 0.313133 2.08417 2.08417
1.504 0.311844 0.311844 2.08542 2.08542
1.508 0.310554 0.310554 2.08666 2.08666
1.512 0.309265 0.309265 2.0879 2.0879
1.516 0.307976 0.307976 2.08914 2.08914
1.52 0.306686 0.306686 2.09036 2.09036
1.524 0.305397 0.305397 2.09159 2.09159
1.528 0.304108 0.304108 2.09281 2.09281
1.532 0.302818 0.302818 2.09402 2.09402
1.536 0.301529 0.301529 2.09523 2.09523
1.54 0.300239 0.300239 2.09643 2.09643
1.544 0.29895 0.29895 2.09763 2.09763
1.548 0.297661 0.297661 2.09883 2.09883
1.552 0.296371 0.296371 2.10001 2.10001
1.556 0.295082 0.295082 2.1012 2.1012
1.56 0.293793 0.293793 2.10237 2.10237
1.564 0.292503 0.292503 2.10355 2.10355
1.568 0.291214 0.291214 2.10471 2.10471
1.572 0.289924 0.289924 2.10588 2.10588
1.576 0.288635 0.288635 2.10703 2.10703
1.58 0.287346 0.287346 2.10819 2.10819
1.584 0.286056 0.286056 2.10933 2.10933
1.588 0.284767 0.284767 2.11047 2.11047
1.592 0.283478 0.283478 2.11161 2.11161
1.596 0.282188 0.282188 2.11274 2.11274
1.6 0.280899 0.280899 2.11387 2.11387
1.604 0.28009 0.28009 2.11499 2.11499
1.608 0.279281 0.279281 2.11611 2.11611
1.612 0.278472 0.278472 2.11722 2.11722
1.616 0.277663 0.277663 2.11834 2.11834
1.62 0.276854 0.276854 2.11945 2.11945
1.624 0.276045 0.276045 2.12055 2.12055
1.628 0.275236 0.275236 2.12165 2.12165
1.632 0.274427 0.274427 2.12275 2.12275
1.636 0.273618 0.273618 2.12385 2.12385
1.64 0.272809 0.272809 2.12494 2.12494
1.644 0.272 0.272 2.12603 2.12603
1.648 0.271191 0.271191 2.12712 2.12712
1.652 0.270382 0.270382 2.1282 2.1282
1.656 0.269573 0.269573 2.12928 2.12928
1.66 0.268764 0.268764 2.13036 2.13036
1.664 0.267955 0.267955 2.13143 2.13143
1.668 0.267146 0.267146 2.1325 2.1325
1.672 0.266337 0.266337 2.13357 2.13357
1.676 0.265528 0.265528 2.13463 2.13463
1.68 0.264719 0.264719 2.13569 2.13569
1.684 0.26391 0.26391 2.13675 2.13675
1.688 0.263101 0.263101 2.1378 2.1378
1.692 0.262292 0.262292 2.13886 2.13886
1.696 0.261483 0.261483 2.1399 2.1399
1.7 0.260674 0.260674 2.14095 2.14095
1.704 0.259865 0.259865 2.14199 2.14199
1.708 0.259056 0.259056 2.14303 2.14303
1.712 0.258247 0.258247 2.14406 2.14406
1.716 0.257438 0.257438 2.14509 2.14509
1.72 0.256629 0.256629 2.14612 2.14612
1.724 0.25582 0.25582 2.14714 2.14714
1.728 0.255011 0.255011 2.14817 2.14817
1.732 0.254202 0.254202 2.14918 2.14918
1.736 0.253393 0.253393 2.1502 2.1502
1.74 0.252584 0.252584 2.15121 2.15121
1.744 0.251775 0.251775 2.15222 2.15222
1.748 0.250966 0.250966 2.15323 2.15323
1.752 0.250157 0.250157 2.15423 2.15423
1.756 0.249348 0.249348 2.15523 2.15523
1.76 0.248539 0.248539 2.15622 2.15622
1.764 0.24773 0.24773 2.15722 2.15722
1.768 0.246921 0.246921 2.15821 2.15821
1.772 0.246112 0.246112 2.15919 2.15919
1.776 0.245303 0.245303 2.16017 2.16017
1.78 0.244494 0.244494 2.16115 2.16115
1.784 0.243685 0.243685 2.16213 2.16213
1.788 0.242876 0.242876 2.1631 2.1631
1.792 0.242067 0.242067 2.16407 2.16407
1.796 0.241258 0.241258 2.16504 2.16504
1.8 0.240449 0.240449 2.166 2.166
1.804 0.23964 0.23964 2.16696 2.16696
1.808 0.238831 0.238831 2.16792 2.16792
1.812 0.238022 0.238022 2.16887 2.16887
1.816 0.237213 0.237213 2.16982 2.16982
1.82 0.236404 0.236404 2.17077 2.17077
1.824 0.235596 0.235596 2.17172 2.17172
1.828 0.234787 0.234787 2.17266 2.17266
1.832 0.233978 0.233978 2.17359 2.17359
1.836 0.233169 0.233169 2.17453 2.17453
1.84 0.23236 0.23236 2.17546 2.17546
1.844 0.231551 0.231551 2.17639 2.17639
1.848 0.230742 0.230742 2.17731 2.17731
1.852 0.229933 0.229933 2.17823 2.17823
1.856 0.229124 0.229124 2.17915 2.17915
1.86 0.228315 0.228315 2.18007 2.18007
1.864 0.227506 0.227506 2.18098 2.18098
1.868 0.226697 0.226697 2.18189 2.18189
1.872 0.225888 0.225888 2.18279 2.18279
1.876 0.225079 0.225079 2.18369 2.18369
1.88 0.22427 0.22427 2.18459 2.18459
1.884 0.223461 0.223461 2.18549 2.18549
1.888 0.222652 0.222652 2.18638 2.18638
1.892 0.221843 0.221843 2.18727 2.18727
1.896 0.221034 0.221034 2.18815 2.18815
1.9 0.220225 0.220225 2.18904 2.18904
1.904 0.219416 0.219416 2.18992 2.18992
1.908 0.218607 0.218607 2.19079 2.19079
1.912 0.217798 0.217798 2.19166 2.19166
1.916 0.216989 0.216989 2.19253 2.19253
1.92 0.21618 0.21618 2.1934 2.1934
1.924 0.215371 0.215371 2.19426 2.19426
1.928 0.214562 0.214562 2.19512 2.19512
1.932 0.213753 0.213753 2.19598 2.19598
1.936 0.212944 0.212944 2.19683 2.19683
1.94 0.212135 0.212135 2.19768 2.19768
1.944 0.211326 0.211326 2.19853 2.19853
1.948 0.210517 0.210517 2.19937 2.19937
1.952 0.209708 0.209708 2.20022 2.20022
1.956 0.208899 0.208899 2.20105 2.20105
1.96 0.20809 0.20809 2.20189 2.20189
1.964 0.207281 0.207281 2.20272 2.20272
1.968 0.206472 0.206472 2.20354 2.20354
1.972 0.205663 0.205663 2.20437 2.20437
1.976 0.204854 0.204854 2.20519 2.20519
1.98 0.204045 0.204045 2.20601 2.20601
1.984 0.203236 0.203236 2.20682 2.20682
1.988 0.202427 0.202427 2.20763 2.20763
1.992 0.201618 0.201618 2.20844 2.20844
1.996 0.200809 0.200809 2.20925 2.20925
