-2 0.2 0 0.187499
-1.996 0.200751 0.000801501 0.187794
-1.992 0.201502 0.00160601 0.188089
-1.988 0.202255 0.00241352 0.188384
-1.984 0.203009 0.00322405 0.188679
-1.98 0.203765 0.0040376 0.188974
-1.976 0.204521 0.00485417 0.189269
-1.972 0.205279 0.00567377 0.189564
-1.968 0.206038 0.0064964 0.189859
-1.964 0.206798 0.00732207 0.190154
-1.96 0.207559 0.00815079 0.190449
-1.956 0.208321 0.00898255 0.190744
-1.952 0.209085 0.00981736 0.191039
-1.948 0.20985 0.0106552 0.191334
-1.944 0.210616 0.0114962 0.191629
-1.94 0.211383 0.0123402 0.191924
-1.936 0.212151 0.0131872 0.192219
-1.932 0.21292 0.0140374 0.192514
-1.928 0.213691 0.0148906 0.192809
-1.924 0.214463 0.0157469 0.193104
-1.92 0.215236 0.0166063 0.193399
-1.916 0.21601 0.0174688 0.193693
-1.912 0.216785 0.0183344 0.193988
-1.908 0.217562 0.0192031 0.194283
-1.904 0.21834 0.0200749 0.194578
-1.9 0.219119 0.0209498 0.194873
-1.896 0.219899 0.0218278 0.195168
-1.892 0.22068 0.022709 0.195463
-1.888 0.221462 0.0235933 0.195758
-1.884 0.222246 0.0244807 0.196053
-1.88 0.223031 0.0253712 0.196348
-1.876 0.223817 0.0262649 0.196643
-1.872 0.224604 0.0271618 0.196938
-1.868 0.225392 0.0280618 0.197233
-1.864 0.226182 0.0289649 0.197528
-1.86 0.226973 0.0298712 0.197823
-1.856 0.227764 0.0307807 0.198118
-1.852 0.228558 0.0316933 0.198413
-1.848 0.229352 0.0326092 0.198708
-1.844 0.230147 0.0335282 0.199003
-1.84 0.230944 0.0344503 0.199298
-1.836 0.231742 0.0353757 0.199593
-1.832 0.232541 0.0363043 0.199888
-1.828 0.233341 0.037236 0.200183
-1.824 0.234142 0.038171 0.200477
-1.82 0.234944 0.0391092 0.200772
-1.816 0.235748 0.0400505 0.201067
-1.812 0.236553 0.0409952 0.201362
-1.808 0.237359 0.041943 0.201657
-1.804 0.238166 0.042894 0.201952
-1.8 0.238975 0.0438483 0.202247
-1.796 0.239784 0.0448058 0.202542
-1.792 0.240595 0.0457666 0.202837
-1.788 0.241407 0.0467306 0.203132
-1.784 0.24222 0.0476978 0.203427
-1.78 0.243034 0.0486683 0.203722
-1.776 0.24385 0.0496421 0.204017
-1.772 0.244666 0.0506191 0.204312
-1.768 0.245484 0.0515994 0.204607
-1.764 0.246303 0.052583 0.204902
-1.76 0.247124 0.0535699 0.205197
-1.756 0.247945 0.05456 0.205492
-1.752 0.248767 0.0555534 0.205787
-1.748 0.249591 0.0565502 0.206082
-1.744 0.250416 0.0575502 0.206377
-1.74 0.251242 0.0585535 0.206672
-1.736 0.252069 0.0595601 0.206966
-1.732 0.252898 0.06057 0.207261
-1.728 0.253728 0.0615833 0.207556
-1.724 0.254558 0.0625999 0.207851
-1.72 0.25539 0.0636198 0.208146
-1.716 0.256224 0.064643 0.208441
-1.712 0.257058 0.0656696 0.208736
-1.708 0.257893 0.0666995 0.209031
-1.704 0.25873 0.0677327 0.209326
-1.7 0.259568 0.0687693 0.209621
-1.696 0.260407 0.0698092 0.209916
-1.692 0.261247 0.0708526 0.210211
-1.688 0.262089 0.0718992 0.210506
-1.684 0.262931 0.0729493 0.210801
-1.68 0.263775 0.0740027 0.211096
-1.676 0.26462 0.0750595 0.211391
-1.672 0.265466 0.0761196 0.211686
-1.668 0.266314 0.0771832 0.211981
-1.664 0.267162 0.0782502 0.212276
-1.66 0.268012 0.0793205 0.212571
-1.656 0.268863 0.0803943 0.212866
-1.652 0.269715 0.0814714 0.213161
-1.648 0.270568 0.082552 0.213455
-1.644 0.271422 0.083636 0.21375
-1.64 0.272278 0.0847234 0.214045
-1.636 0.273135 0.0858142 0.21434
-1.632 0.273993 0.0869084 0.214635
-1.628 0.274852 0.0880061 0.21493
-1.624 0.275712 0.0891073 0.215225
-1.62 0.276574 0.0902118 0.21552
-1.616 0.277436 0.0913198 0.215815
-1.612 0.2783 0.0924313 0.21611
-1.608 0.279165 0.0935462 0.216405
-1.604 0.280031 0.0946646 0.2167
-1.6 0.280899 0.0957865 0.216995
-1.596 0.281771 0.0969118 0.219102
-1.592 0.282652 0.0980407 0.221209
-1.588 0.283541 0.0991731 0.223316
-1.584 0.284438 0.100309 0.225423
-1.58 0.285344 0.101449 0.22753
-1.576 0.286258 0.102592 0.229637
-1.572 0.287181 0.103739 0.231744
-1.568 0.288112 0.104889 0.233851
-1.564 0.289052 0.106044 0.235958
-1.56 0.29 0.107202 0.238065
-1.556 0.290957 0.108364 0.240172
-1.552 0.291921 0.109529 0.242278
-1.548 0.292895 0.110699 0.244385
-1.544 0.293877 0.111873 0.246492
-1.54 0.294867 0.11305 0.248599
-1.536 0.295865 0.114231 0.250706
-1.532 0.296872 0.115417 0.252813
-1.528 0.297888 0.116606 0.25492
-1.524 0.298912 0.1178 0.257027
-1.52 0.299944 0.118998 0.259134
-1.516 0.300985 0.1202 0.261241
-1.512 0.302034 0.121406 0.263348
-1.508 0.303092 0.122616 0.265455
-1.504 0.304158 0.12383 0.267562
-1.5 0.305232 0.125049 0.269669
-1.496 0.306315 0.126272 0.271776
-1.492 0.307406 0.1275 0.273883
-1.488 0.308506 0.128732 0.27599
-1.484 0.309614 0.129968 0.278097
-1.48 0.310731 0.131208 0.280204
-1.476 0.311856 0.132454 0.282311
-1.472 0.312989 0.133703 0.284418
-1.468 0.314131 0.134958 0.286525
-1.464 0.315281 0.136216 0.288632
-1.46 0.31644 0.13748 0.290739
-1.456 0.317607 0.138748 0.292846
-1.452 0.318783 0.140021 0.294952
-1.448 0.319967 0.141298 0.297059
-1.444 0.321159 0.14258 0.299166
-1.44 0.32236 0.143867 0.301273
-1.436 0.32357 0.145159 0.30338
-1.432 0.324787 0.146456 0.305487
-1.428 0.326014 0.147758 0.307594
-1.424 0.327248 0.149064 0.309701
-1.42 0.328491 0.150376 0.311808
-1.416 0.329743 0.151692 0.313915
-1.412 0.331002 0.153014 0.316022
-1.408 0.332271 0.15434 0.318129
-1.404 0.333548 0.155672 0.320236
-1.4 0.334833 0.157008 0.322343
-1.396 0.336126 0.15835 0.32445
-1.392 0.337428 0.159698 0.326557
-1.388 0.338739 0.16105 0.328664
-1.384 0.340058 0.162407 0.330771
-1.38 0.341385 0.16377 0.332878
-1.376 0.342721 0.165139 0.334985
-1.372 0.344065 0.166512 0.337092
-1.368 0.345417 0.167891 0.339199
-1.364 0.346778 0.169275 0.341306
-1.36 0.348148 0.170665 0.343413
-1.356 0.349526 0.172061 0.34552
-1.352 0.350912 0.173462 0.347626
-1.348 0.352307 0.174868 0.349733
-1.344 0.35371 0.17628 0.35184
-1.34 0.355121 0.177698 0.353947
-1.336 0.356541 0.179121 0.356054
-1.332 0.35797 0.18055 0.358161
-1.328 0.359407 0.181985 0.360268
-1.324 0.360852 0.183425 0.362375
-1.32 0.362306 0.184872 0.364482
-1.316 0.363768 0.186324 0.366589
-1.312 0.365238 0.187782 0.368696
-1.308 0.366717 0.189246 0.370803
-1.304 0.368205 0.190715 0.37291
-1.3 0.369701 0.192191 0.375017
-1.296 0.371205 0.193673 0.377124
-1.292 0.372718 0.195161 0.379231
-1.288 0.374239 0.196655 0.381338
-1.284 0.375768 0.198155 0.383445
-1.28 0.377306 0.199661 0.385552
-1.276 0.378853 0.201173 0.387659
-1.272 0.380408 0.202692 0.389766
-1.268 0.381971 0.204217 0.391873
-1.264 0.383543 0.205748 0.39398
-1.26 0.385123 0.207285 0.396087
-1.256 0.386711 0.208829 0.398194
-1.252 0.388308 0.210379 0.400301
-1.248 0.389914 0.211935 0.402407
-1.244 0.391528 0.213498 0.404514
-1.24 0.39315 0.215067 0.406621
-1.236 0.394781 0.216643 0.408728
-1.232 0.39642 0.218226 0.410835
-1.228 0.398067 0.219815 0.412942
-1.224 0.399723 0.22141 0.415049
-1.22 0.401388 0.223012 0.417156
-1.216 0.40306 0.224621 0.419263
-1.212 0.404742 0.226237 0.42137
-1.208 0.406431 0.227859 0.423477
-1.204 0.40813 0.229488 0.425584
-1.2 0.409836 0.231124 0.427691
-1.196 0.41155 0.232767 0.429133
-1.192 0.413269 0.234417 0.430575
-1.188 0.414994 0.236073 0.432018
-1.184 0.416725 0.237737 0.43346
-1.18 0.418462 0.239407 0.434902
-1.176 0.420204 0.241084 0.436344
-1.172 0.421953 0.242769 0.437786
-1.168 0.423707 0.24446 0.439228
-1.164 0.425467 0.246158 0.440671
-1.16 0.427232 0.247864 0.442113
-1.156 0.429003 0.249576 0.443555
-1.152 0.430781 0.251296 0.444997
-1.148 0.432563 0.253022 0.446439
-1.144 0.434352 0.254756 0.447882
-1.14 0.436147 0.256497 0.449324
-1.136 0.437947 0.258245 0.450766
-1.132 0.439753 0.260001 0.452208
-1.128 0.441564 0.261763 0.45365
-1.124 0.443382 0.263533 0.455092
-1.12 0.445205 0.26531 0.456535
-1.116 0.447034 0.267095 0.457977
-1.112 0.448869 0.268887 0.459419
-1.108 0.450709 0.270686 0.460861
-1.104 0.452556 0.272492 0.462303
-1.1 0.454408 0.274306 0.463746
-1.096 0.456266 0.276128 0.465188
-1.092 0.458129 0.277956 0.46663
-1.088 0.459999 0.279793 0.468072
-1.084 0.461874 0.281636 0.469514
-1.08 0.463755 0.283488 0.470956
-1.076 0.465642 0.285347 0.472399
-1.072 0.467534 0.287213 0.473841
-1.068 0.469432 0.289087 0.475283
-1.064 0.471336 0.290968 0.476725
-1.06 0.473246 0.292858 0.478167
-1.056 0.475162 0.294754 0.47961
-1.052 0.477083 0.296659 0.481052
-1.048 0.47901 0.298571 0.482494
-1.044 0.480943 0.300491 0.483936
-1.04 0.482882 0.302419 0.485378
-1.036 0.484826 0.304354 0.48682
-1.032 0.486776 0.306297 0.488263
-1.028 0.488732 0.308248 0.489705
-1.024 0.490694 0.310207 0.491147
-1.02 0.492661 0.312174 0.492589
-1.016 0.494635 0.314148 0.494031
-1.012 0.496614 0.316131 0.495474
-1.008 0.498598 0.318121 0.496916
-1.004 0.500589 0.32012 0.498358
-1 0.502585 0.322126 0.4998
-0.996 0.504587 0.32414 0.501242
-0.992 0.506595 0.326163 0.502684
-0.988 0.508609 0.328193 0.504127
-0.984 0.510628 0.330232 0.505569
-0.98 0.512653 0.332278 0.507011
-0.976 0.514684 0.334333 0.508453
-0.972 0.516721 0.336396 0.509895
-0.968 0.518763 0.338467 0.511338
-0.964 0.520812 0.340546 0.51278
-0.96 0.522866 0.342633 0.514222
-0.956 0.524925 0.344729 0.515664
-0.952 0.526991 0.346832 0.517106
-0.948 0.529062 0.348945 0.518548
-0.944 0.531139 0.351065 0.519991
-0.94 0.533222 0.353194 0.521433
-0.936 0.535311 0.355331 0.522875
-0.932 0.537405 0.357476 0.524317
-0.928 0.539505 0.35963 0.525759
-0.924 0.541611 0.361792 0.527202
-0.92 0.543723 0.363963 0.528644
-0.916 0.54584 0.366142 0.530086
-0.912 0.547964 0.36833 0.531528
-0.908 0.550093 0.370526 0.53297
-0.904 0.552227 0.37273 0.534412
-0.9 0.554368 0.374944 0.535855
-0.896 0.556514 0.377165 0.537297
-0.892 0.558666 0.379396 0.538739
-0.888 0.560824 0.381635 0.540181
-0.884 0.562988 0.383882 0.541623
-0.88 0.565157 0.386139 0.543066
-0.876 0.567332 0.388404 0.544508
-0.872 0.569513 0.390677 0.54595
-0.868 0.5717 0.39296 0.547392
-0.864 0.573892 0.395251 0.548834
-0.86 0.576091 0.397551 0.550276
-0.856 0.578295 0.39986 0.551719
-0.852 0.580504 0.402177 0.553161
-0.848 0.58272 0.404504 0.554603
-0.844 0.584941 0.406839 0.556045
-0.84 0.587168 0.409183 0.557487
-0.836 0.589401 0.411536 0.55893
-0.832 0.59164 0.413898 0.560372
-0.828 0.593884 0.416269 0.561814
-0.824 0.596134 0.418649 0.563256
-0.82 0.59839 0.421039 0.564698
-0.816 0.600652 0.423437 0.56614
-0.812 0.602919 0.425844 0.567583
-0.808 0.605192 0.42826 0.569025
-0.804 0.607471 0.430685 0.570467
-0.8 0.609756 0.43312 0.571909
-0.796 0.612046 0.435563 0.573087
-0.792 0.614341 0.438016 0.574264
-0.788 0.61664 0.440478 0.575442
-0.784 0.618944 0.442949 0.576619
-0.78 0.621253 0.44543 0.577796
-0.776 0.623567 0.447919 0.578974
-0.772 0.625885 0.450418 0.580151
-0.768 0.628208 0.452926 0.581329
-0.764 0.630536 0.455444 0.582506
-0.76 0.632868 0.457971 0.583684
-0.756 0.635205 0.460507 0.584861
-0.752 0.637547 0.463052 0.586039
-0.748 0.639893 0.465607 0.587216
-0.744 0.642245 0.468171 0.588394
-0.74 0.644601 0.470745 0.589571
-0.736 0.646961 0.473328 0.590749
-0.732 0.649326 0.475921 0.591926
-0.728 0.651697 0.478523 0.593103
-0.724 0.654071 0.481134 0.594281
-0.72 0.656451 0.483755 0.595458
-0.716 0.658835 0.486386 0.596636
-0.712 0.661224 0.489026 0.597813
-0.708 0.663617 0.491676 0.598991
-0.704 0.666016 0.494335 0.600168
-0.7 0.668419 0.497004 0.601346
-0.696 0.670827 0.499682 0.602523
-0.692 0.673239 0.502371 0.603701
-0.688 0.675656 0.505068 0.604878
-0.684 0.678078 0.507776 0.606056
-0.68 0.680505 0.510493 0.607233
-0.676 0.682936 0.51322 0.60841
-0.672 0.685372 0.515956 0.609588
-0.668 0.687813 0.518703 0.610765
-0.664 0.690258 0.521459 0.611943
-0.66 0.692708 0.524225 0.61312
-0.656 0.695163 0.527001 0.614298
-0.652 0.697623 0.529786 0.615475
-0.648 0.700087 0.532582 0.616653
-0.644 0.702556 0.535387 0.61783
-0.64 0.705029 0.538202 0.619008
-0.636 0.707508 0.541027 0.620185
-0.632 0.709991 0.543862 0.621362
-0.628 0.712479 0.546707 0.62254
-0.624 0.714971 0.549562 0.623717
-0.62 0.717468 0.552427 0.624895
-0.616 0.71997 0.555302 0.626072
-0.612 0.722477 0.558187 0.62725
-0.608 0.724988 0.561082 0.628427
-0.604 0.727504 0.563987 0.629605
-0.6 0.730025 0.566902 0.630782
-0.596 0.732551 0.569827 0.63196
-0.592 0.735081 0.572762 0.633137
-0.588 0.737616 0.575707 0.634315
-0.584 0.740155 0.578663 0.635492
-0.58 0.7427 0.581629 0.636669
-0.576 0.745249 0.584605 0.637847
-0.572 0.747803 0.587591 0.639024
-0.568 0.750361 0.590587 0.640202
-0.564 0.752924 0.593594 0.641379
-0.56 0.755492 0.59661 0.642557
-0.556 0.758065 0.599638 0.643734
-0.552 0.760642 0.602675 0.644912
-0.548 0.763224 0.605723 0.646089
-0.544 0.765811 0.608781 0.647267
-0.54 0.768402 0.611849 0.648444
-0.536 0.770998 0.614928 0.649622
-0.532 0.773599 0.618017 0.650799
-0.528 0.776205 0.621117 0.651976
-0.524 0.778815 0.624227 0.653154
-0.52 0.78143 0.627347 0.654331
-0.516 0.784049 0.630478 0.655509
-0.512 0.786674 0.63362 0.656686
-0.508 0.789303 0.636772 0.657864
-0.504 0.791937 0.639934 0.659041
-0.5 0.794575 0.643107 0.660219
-0.496 0.797219 0.646291 0.661396
-0.492 0.799866 0.649485 0.662574
-0.488 0.802519 0.65269 0.663751
-0.484 0.805176 0.655905 0.664929
-0.48 0.807839 0.659131 0.666106
-0.476 0.810505 0.662368 0.667283
-0.472 0.813177 0.665615 0.668461
-0.468 0.815853 0.668873 0.669638
-0.464 0.818534 0.672142 0.670816
-0.46 0.82122 0.675421 0.671993
-0.456 0.82391 0.678712 0.673171
-0.452 0.826605 0.682013 0.674348
-0.448 0.829305 0.685325 0.675526
-0.444 0.832009 0.688647 0.676703
-0.44 0.834718 0.691981 0.677881
-0.436 0.837432 0.695325 0.679058
-0.432 0.840151 0.69868 0.680235
-0.428 0.842874 0.702046 0.681413
-0.424 0.845602 0.705423 0.68259
-0.42 0.848335 0.708811 0.683768
-0.416 0.851072 0.71221 0.684945
-0.412 0.853814 0.71562 0.686123
-0.408 0.856561 0.71904 0.6873
-0.404 0.859313 0.722472 0.688478
-0.4 0.862069 0.725915 0.689655
-0.396 0.864814 0.729369 0.682759
-0.392 0.867531 0.732833 0.675862
-0.388 0.870221 0.736309 0.668966
-0.384 0.872883 0.739795 0.662069
-0.38 0.875517 0.743292 0.655172
-0.376 0.878124 0.746799 0.648276
-0.372 0.880703 0.750317 0.641379
-0.368 0.883255 0.753845 0.634483
-0.364 0.885779 0.757383 0.627586
-0.36 0.888276 0.760931 0.62069
-0.356 0.890745 0.764489 0.613793
-0.352 0.893186 0.768057 0.606897
-0.348 0.8956 0.771634 0.6
-0.344 0.897986 0.775222 0.593103
-0.34 0.900345 0.778818 0.586207
-0.336 0.902676 0.782424 0.57931
-0.332 0.904979 0.78604 0.572414
-0.328 0.907255 0.789664 0.565517
-0.324 0.909503 0.793298 0.558621
-0.32 0.911724 0.79694 0.551724
-0.316 0.913917 0.800591 0.544828
-0.312 0.916083 0.804251 0.537931
-0.308 0.918221 0.80792 0.531034
-0.304 0.920331 0.811597 0.524138
-0.3 0.922414 0.815283 0.517241
-0.296 0.924469 0.818976 0.510345
-0.292 0.926497 0.822678 0.503448
-0.288 0.928497 0.826388 0.496552
-0.284 0.930469 0.830106 0.489655
-0.28 0.932414 0.833832 0.482759
-0.276 0.934331 0.837566 0.475862
-0.272 0.936221 0.841307 0.468966
-0.268 0.938083 0.845055 0.462069
-0.264 0.939917 0.848811 0.455172
-0.26 0.941724 0.852575 0.448276
-0.256 0.943503 0.856345 0.441379
-0.252 0.945255 0.860123 0.434483
-0.248 0.946979 0.863907 0.427586
-0.244 0.948676 0.867698 0.42069
-0.24 0.950345 0.871496 0.413793
-0.236 0.951986 0.875301 0.406897
-0.232 0.9536 0.879112 0.4
-0.228 0.955186 0.88293 0.393103
-0.224 0.956745 0.886754 0.386207
-0.22 0.958276 0.890584 0.37931
-0.216 0.959779 0.89442 0.372414
-0.212 0.961255 0.898262 0.365517
-0.208 0.962703 0.90211 0.358621
-0.204 0.964124 0.905964 0.351724
-0.2 0.965517 0.909823 0.344828
-0.196 0.966883 0.913688 0.337931
-0.192 0.968221 0.917558 0.331034
-0.188 0.969531 0.921433 0.324138
-0.184 0.970814 0.925314 0.317241
-0.18 0.972069 0.9292 0.310345
-0.176 0.973297 0.933091 0.303448
-0.172 0.974497 0.936986 0.296552
-0.168 0.975669 0.940887 0.289655
-0.164 0.976814 0.944792 0.282759
-0.16 0.977931 0.948701 0.275862
-0.156 0.979021 0.952615 0.268966
-0.152 0.980083 0.956533 0.262069
-0.148 0.981117 0.960456 0.255172
-0.144 0.982124 0.964382 0.248276
-0.14 0.983103 0.968313 0.241379
-0.136 0.984055 0.972247 0.234483
-0.132 0.984979 0.976185 0.227586
-0.128 0.985876 0.980127 0.22069
-0.124 0.986745 0.984072 0.213793
-0.12 0.987586 0.988021 0.206897
-0.116 0.9884 0.991973 0.2
-0.112 0.989186 0.995928 0.193103
-0.108 0.989945 0.999886 0.186207
-0.104 0.990676 1.00385 0.17931
-0.1 0.991379 1.00781 0.172414
-0.096 0.992055 1.01178 0.165517
-0.092 0.992703 1.01575 0.158621
-0.088 0.993324 1.01972 0.151724
-0.084 0.993917 1.02369 0.144828
-0.08 0.994483 1.02767 0.137931
-0.076 0.995021 1.03165 0.131034
-0.072 0.995531 1.03563 0.124138
-0.068 0.996014 1.03961 0.117241
-0.064 0.996469 1.0436 0.110345
-0.06 0.996897 1.04759 0.103448
-0.056 0.997297 1.05157 0.0965517
-0.052 0.997669 1.05556 0.0896552
-0.048 0.998014 1.05956 0.0827586
-0.044 0.998331 1.06355 0.0758621
-0.04 0.998621 1.06754 0.0689655
-0.036 0.998883 1.07154 0.062069
-0.032 0.999117 1.07553 0.0551724
-0.028 0.999324 1.07953 0.0482759
-0.024 0.999503 1.08353 0.0413793
-0.02 0.999655 1.08753 0.0344828
-0.016 0.999779 1.09153 0.0275862
-0.012 0.999876 1.09552 0.0206897
-0.008 0.999945 1.09952 0.0137931
-0.004 0.999986 1.10352 0.00689655
0 1 1.10752 2.22045e-16
0.004 0.999986 1.11152 -0.00689655
0.008 0.999945 1.11552 -0.0137931
0.012 0.999876 1.11952 -0.0206897
0.016 0.999779 1.12352 -0.0275862
0.02 0.999655 1.12752 -0.0344828
0.024 0.999503 1.13152 -0.0413793
0.028 0.999324 1.13552 -0.0482759
0.032 0.999117 1.13951 -0.0551724
0.036 0.998883 1.14351 -0.062069
0.04 0.998621 1.14751 -0.0689655
0.044 0.998331 1.1515 -0.0758621
0.048 0.998014 1.15549 -0.0827586
0.052 0.997669 1.15948 -0.0896552
0.056 0.997297 1.16347 -0.0965517
0.06 0.996897 1.16746 -0.103448
0.064 0.996469 1.17145 -0.110345
0.068 0.996014 1.17543 -0.117241
0.072 0.995531 1.17942 -0.124138
0.076 0.995021 1.1834 -0.131034
0.08 0.994483 1.18738 -0.137931
0.084 0.993917 1.19135 -0.144828
0.088 0.993324 1.19533 -0.151724
0.092 0.992703 1.1993 -0.158621
0.096 0.992055 1.20327 -0.165517
0.1 0.991379 1.20724 -0.172414
0.104 0.990676 1.2112 -0.17931
0.108 0.989945 1.21516 -0.186207
0.112 0.989186 1.21912 -0.193103
0.116 0.9884 1.22308 -0.2
0.12 0.987586 1.22703 -0.206897
0.124 0.986745 1.23098 -0.213793
0.128 0.985876 1.23492 -0.22069
0.132 0.984979 1.23886 -0.227586
0.136 0.984055 1.2428 -0.234483
0.14 0.983103 1.24674 -0.241379
0.144 0.982124 1.25067 -0.248276
0.148 0.981117 1.25459 -0.255172
0.152 0.980083 1.25851 -0.262069
0.156 0.979021 1.26243 -0.268966
0.16 0.977931 1.26635 -0.275862
0.164 0.976814 1.27026 -0.282759
0.168 0.975669 1.27416 -0.289655
0.172 0.974497 1.27806 -0.296552
0.176 0.973297 1.28196 -0.303448
0.18 0.972069 1.28585 -0.310345
0.184 0.970814 1.28973 -0.317241
0.188 0.969531 1.29361 -0.324138
0.192 0.968221 1.29749 -0.331034
0.196 0.966883 1.30136 -0.337931
0.2 0.965517 1.30523 -0.344828
0.204 0.964124 1.30908 -0.351724
0.208 0.962703 1.31294 -0.358621
0.212 0.961255 1.31679 -0.365517
0.216 0.959779 1.32063 -0.372414
0.22 0.958276 1.32446 -0.37931
0.224 0.956745 1.32829 -0.386207
0.228 0.955186 1.33212 -0.393103
0.232 0.9536 1.33594 -0.4
0.236 0.951986 1.33975 -0.406897
0.24 0.950345 1.34355 -0.413793
0.244 0.948676 1.34735 -0.42069
0.248 0.946979 1.35114 -0.427586
0.252 0.945255 1.35493 -0.434483
0.256 0.943503 1.3587 -0.441379
0.26 0.941724 1.36247 -0.448276
0.264 0.939917 1.36624 -0.455172
0.268 0.938083 1.36999 -0.462069
0.272 0.936221 1.37374 -0.468966
0.276 0.934331 1.37748 -0.475862
0.28 0.932414 1.38122 -0.482759
0.284 0.930469 1.38494 -0.489655
0.288 0.928497 1.38866 -0.496552
0.292 0.926497 1.39237 -0.503448
0.296 0.924469 1.39607 -0.510345
0.3 0.922414 1.39977 -0.517241
0.304 0.920331 1.40345 -0.524138
0.308 0.918221 1.40713 -0.531034
0.312 0.916083 1.4108 -0.537931
0.316 0.913917 1.41446 -0.544828
0.32 0.911724 1.41811 -0.551724
0.324 0.909503 1.42175 -0.558621
0.328 0.907255 1.42538 -0.565517
0.332 0.904979 1.42901 -0.572414
0.336 0.902676 1.43262 -0.57931
0.34 0.900345 1.43623 -0.586207
0.344 0.897986 1.43983 -0.593103
0.348 0.8956 1.44341 -0.6
0.352 0.893186 1.44699 -0.606897
0.356 0.890745 1.45056 -0.613793
0.36 0.888276 1.45412 -0.62069
0.364 0.885779 1.45767 -0.627586
0.368 0.883255 1.4612 -0.634483
0.372 0.880703 1.46473 -0.641379
0.376 0.878124 1.46825 -0.648276
0.38 0.875517 1.47176 -0.655172
0.384 0.872883 1.47525 -0.662069
0.388 0.870221 1.47874 -0.668966
0.392 0.867531 1.48221 -0.675862
0.396 0.864814 1.48568 -0.682759
0.4 0.862069 1.48913 -0.689655
0.404 0.859313 1.49258 -0.688478
0.408 0.856561 1.49601 -0.6873
0.412 0.853814 1.49943 -0.686123
0.416 0.851072 1.50284 -0.684945
0.42 0.848335 1.50624 -0.683768
0.424 0.845602 1.50962 -0.68259
0.428 0.842874 1.513 -0.681413
0.432 0.840151 1.51637 -0.680235
0.436 0.837432 1.51972 -0.679058
0.44 0.834718 1.52307 -0.677881
0.444 0.832009 1.5264 -0.676703
0.448 0.829305 1.52972 -0.675526
0.452 0.826605 1.53304 -0.674348
0.456 0.82391 1.53634 -0.673171
0.46 0.82122 1.53963 -0.671993
0.464 0.818534 1.54291 -0.670816
0.468 0.815853 1.54617 -0.669638
0.472 0.813177 1.54943 -0.668461
0.476 0.810505 1.55268 -0.667283
0.48 0.807839 1.55592 -0.666106
0.484 0.805176 1.55914 -0.664929
0.488 0.802519 1.56236 -0.663751
0.492 0.799866 1.56556 -0.662574
0.496 0.797219 1.56876 -0.661396
0.5 0.794575 1.57194 -0.660219
0.504 0.791937 1.57511 -0.659041
0.508 0.789303 1.57828 -0.657864
0.512 0.786674 1.58143 -0.656686
0.516 0.784049 1.58457 -0.655509
0.52 0.78143 1.5877 -0.654331
0.524 0.778815 1.59082 -0.653154
0.528 0.776205 1.59393 -0.651976
0.532 0.773599 1.59703 -0.650799
0.536 0.770998 1.60012 -0.649622
0.54 0.768402 1.6032 -0.648444
0.544 0.765811 1.60627 -0.647267
0.548 0.763224 1.60933 -0.646089
0.552 0.760642 1.61237 -0.644912
0.556 0.758065 1.61541 -0.643734
0.56 0.755492 1.61844 -0.642557
0.564 0.752924 1.62145 -0.641379
0.568 0.750361 1.62446 -0.640202
0.572 0.747803 1.62746 -0.639024
0.576 0.745249 1.63044 -0.637847
0.58 0.7427 1.63342 -0.636669
0.584 0.740155 1.63639 -0.635492
0.588 0.737616 1.63934 -0.634315
0.592 0.735081 1.64229 -0.633137
0.596 0.732551 1.64522 -0.63196
0.6 0.730025 1.64815 -0.630782
0.604 0.727504 1.65106 -0.629605
0.608 0.724988 1.65397 -0.628427
0.612 0.722477 1.65686 -0.62725
0.616 0.71997 1.65975 -0.626072
0.62 0.717468 1.66262 -0.624895
0.624 0.714971 1.66549 -0.623717
0.628 0.712479 1.66834 -0.62254
0.632 0.709991 1.67119 -0.621362
0.636 0.707508 1.67402 -0.620185
0.64 0.705029 1.67685 -0.619008
0.644 0.702556 1.67966 -0.61783
0.648 0.700087 1.68247 -0.616653
0.652 0.697623 1.68526 -0.615475
0.656 0.695163 1.68805 -0.614298
0.66 0.692708 1.69082 -0.61312
0.664 0.690258 1.69359 -0.611943
0.668 0.687813 1.69635 -0.610765
0.672 0.685372 1.69909 -0.609588
0.676 0.682936 1.70183 -0.60841
0.68 0.680505 1.70456 -0.607233
0.684 0.678078 1.70727 -0.606056
0.688 0.675656 1.70998 -0.604878
0.692 0.673239 1.71268 -0.603701
0.696 0.670827 1.71537 -0.602523
0.7 0.668419 1.71804 -0.601346
0.704 0.666016 1.72071 -0.600168
0.708 0.663617 1.72337 -0.598991
0.712 0.661224 1.72602 -0.597813
0.716 0.658835 1.72866 -0.596636
0.72 0.656451 1.73129 -0.595458
0.724 0.654071 1.73391 -0.594281
0.728 0.651697 1.73653 -0.593103
0.732 0.649326 1.73913 -0.591926
0.736 0.646961 1.74172 -0.590749
0.74 0.644601 1.7443 -0.589571
0.744 0.642245 1.74688 -0.588394
0.748 0.639893 1.74944 -0.587216
0.752 0.637547 1.752 -0.586039
0.756 0.635205 1.75454 -0.584861
0.76 0.632868 1.75708 -0.583684
0.764 0.630536 1.7596 -0.582506
0.768 0.628208 1.76212 -0.581329
0.772 0.625885 1.76463 -0.580151
0.776 0.623567 1.76713 -0.578974
0.78 0.621253 1.76962 -0.577796
0.784 0.618944 1.7721 -0.576619
0.788 0.61664 1.77457 -0.575442
0.792 0.614341 1.77703 -0.574264
0.796 0.612046 1.77948 -0.573087
0.8 0.609756 1.78193 -0.571909
0.804 0.607471 1.78436 -0.570467
0.808 0.605192 1.78679 -0.569025
0.812 0.602919 1.7892 -0.567583
0.816 0.600652 1.79161 -0.56614
0.82 0.59839 1.79401 -0.564698
0.824 0.596134 1.7964 -0.563256
0.828 0.593884 1.79878 -0.561814
0.832 0.59164 1.80115 -0.560372
0.836 0.589401 1.80351 -0.55893
0.84 0.587168 1.80586 -0.557487
0.844 0.584941 1.80821 -0.556045
0.848 0.58272 1.81054 -0.554603
0.852 0.580504 1.81287 -0.553161
0.856 0.578295 1.81519 -0.551719
0.86 0.576091 1.8175 -0.550276
0.864 0.573892 1.8198 -0.548834
0.868 0.5717 1.82209 -0.547392
0.872 0.569513 1.82437 -0.54595
0.876 0.567332 1.82664 -0.544508
0.88 0.565157 1.82891 -0.543066
0.884 0.562988 1.83117 -0.541623
0.888 0.560824 1.83341 -0.540181
0.892 0.558666 1.83565 -0.538739
0.896 0.556514 1.83788 -0.537297
0.9 0.554368 1.8401 -0.535855
0.904 0.552227 1.84232 -0.534412
0.908 0.550093 1.84452 -0.53297
0.912 0.547964 1.84672 -0.531528
0.916 0.54584 1.84891 -0.530086
0.92 0.543723 1.85109 -0.528644
0.924 0.541611 1.85326 -0.527202
0.928 0.539505 1.85542 -0.525759
0.932 0.537405 1.85757 -0.524317
0.936 0.535311 1.85972 -0.522875
0.94 0.533222 1.86185 -0.521433
0.944 0.531139 1.86398 -0.519991
0.948 0.529062 1.8661 -0.518548
0.952 0.526991 1.86822 -0.517106
0.956 0.524925 1.87032 -0.515664
0.96 0.522866 1.87241 -0.514222
0.964 0.520812 1.8745 -0.51278
0.968 0.518763 1.87658 -0.511338
0.972 0.516721 1.87865 -0.509895
0.976 0.514684 1.88072 -0.508453
0.98 0.512653 1.88277 -0.507011
0.984 0.510628 1.88482 -0.505569
0.988 0.508609 1.88685 -0.504127
0.992 0.506595 1.88889 -0.502684
0.996 0.504587 1.89091 -0.501242
1 0.502585 1.89292 -0.4998
1.004 0.500589 1.89493 -0.498358
1.008 0.498598 1.89693 -0.496916
1.012 0.496614 1.89892 -0.495474
1.016 0.494635 1.9009 -0.494031
1.02 0.492661 1.90287 -0.492589
1.024 0.490694 1.90484 -0.491147
1.028 0.488732 1.9068 -0.489705
1.032 0.486776 1.90875 -0.488263
1.036 0.484826 1.91069 -0.48682
1.04 0.482882 1.91263 -0.485378
1.044 0.480943 1.91456 -0.483936
1.048 0.47901 1.91648 -0.482494
1.052 0.477083 1.91839 -0.481052
1.056 0.475162 1.92029 -0.47961
1.06 0.473246 1.92219 -0.478167
1.064 0.471336 1.92408 -0.476725
1.068 0.469432 1.92596 -0.475283
1.072 0.467534 1.92784 -0.473841
1.076 0.465642 1.9297 -0.472399
1.08 0.463755 1.93156 -0.470956
1.084 0.461874 1.93341 -0.469514
1.088 0.459999 1.93526 -0.468072
1.092 0.458129 1.93709 -0.46663
1.096 0.456266 1.93892 -0.465188
1.1 0.454408 1.94074 -0.463746
1.104 0.452556 1.94256 -0.462303
1.108 0.450709 1.94436 -0.460861
1.112 0.448869 1.94616 -0.459419
1.116 0.447034 1.94795 -0.457977
1.12 0.445205 1.94974 -0.456535
1.124 0.443382 1.95151 -0.455092
1.128 0.441564 1.95328 -0.45365
1.132 0.439753 1.95505 -0.452208
1.136 0.437947 1.9568 -0.450766
1.14 0.436147 1.95855 -0.449324
1.144 0.434352 1.96029 -0.447882
1.148 0.432563 1.96203 -0.446439
1.152 0.430781 1.96375 -0.444997
1.156 0.429003 1.96547 -0.443555
1.16 0.427232 1.96718 -0.442113
1.164 0.425467 1.96889 -0.440671
1.168 0.423707 1.97059 -0.439228
1.172 0.421953 1.97228 -0.437786
1.176 0.420204 1.97396 -0.436344
1.18 0.418462 1.97564 -0.434902
1.184 0.416725 1.97731 -0.43346
1.188 0.414994 1.97897 -0.432018
1.192 0.413269 1.98063 -0.430575
1.196 0.41155 1.98228 -0.429133
1.2 0.409836 1.98392 -0.427691
1.204 0.40813 1.98556 -0.425584
1.208 0.406431 1.98719 -0.423477
1.212 0.404742 1.98881 -0.42137
1.216 0.40306 1.99043 -0.419263
1.22 0.401388 1.99204 -0.417156
1.224 0.399723 1.99364 -0.415049
1.228 0.398067 1.99523 -0.412942
1.232 0.39642 1.99682 -0.410835
1.236 0.394781 1.9984 -0.408728
1.24 0.39315 1.99998 -0.406621
1.244 0.391528 2.00155 -0.404514
1.248 0.389914 2.00311 -0.402407
1.252 0.388308 2.00467 -0.400301
1.256 0.386711 2.00622 -0.398194
1.26 0.385123 2.00776 -0.396087
1.264 0.383543 2.0093 -0.39398
1.268 0.381971 2.01083 -0.391873
1.272 0.380408 2.01236 -0.389766
1.276 0.378853 2.01387 -0.387659
1.28 0.377306 2.01539 -0.385552
1.284 0.375768 2.01689 -0.383445
1.288 0.374239 2.01839 -0.381338
1.292 0.372718 2.01989 -0.379231
1.296 0.371205 2.02137 -0.377124
1.3 0.369701 2.02286 -0.375017
1.304 0.368205 2.02433 -0.37291
1.308 0.366717 2.0258 -0.370803
1.312 0.365238 2.02727 -0.368696
1.316 0.363768 2.02872 -0.366589
1.32 0.362306 2.03018 -0.364482
1.324 0.360852 2.03162 -0.362375
1.328 0.359407 2.03306 -0.360268
1.332 0.35797 2.0345 -0.358161
1.336 0.356541 2.03593 -0.356054
1.34 0.355121 2.03735 -0.353947
1.344 0.35371 2.03877 -0.35184
1.348 0.352307 2.04018 -0.349733
1.352 0.350912 2.04159 -0.347626
1.356 0.349526 2.04299 -0.34552
1.36 0.348148 2.04438 -0.343413
1.364 0.346778 2.04577 -0.341306
1.368 0.345417 2.04716 -0.339199
1.372 0.344065 2.04854 -0.337092
1.376 0.342721 2.04991 -0.334985
1.38 0.341385 2.05128 -0.332878
1.384 0.340058 2.05264 -0.330771
1.388 0.338739 2.054 -0.328664
1.392 0.337428 2.05535 -0.326557
1.396 0.336126 2.0567 -0.32445
1.4 0.334833 2.05804 -0.322343
1.404 0.333548 2.05938 -0.320236
1.408 0.332271 2.06071 -0.318129
1.412 0.331002 2.06203 -0.316022
1.416 0.329743 2.06336 -0.313915
1.42 0.328491 2.06467 -0.311808
1.424 0.327248 2.06598 -0.309701
1.428 0.326014 2.06729 -0.307594
1.432 0.324787 2.06859 -0.305487
1.436 0.32357 2.06989 -0.30338
1.44 0.32236 2.07118 -0.301273
1.444 0.321159 2.07247 -0.299166
1.448 0.319967 2.07375 -0.297059
1.452 0.318783 2.07503 -0.294952
1.456 0.317607 2.0763 -0.292846
1.46 0.31644 2.07757 -0.290739
1.464 0.315281 2.07883 -0.288632
1.468 0.314131 2.08009 -0.286525
1.472 0.312989 2.08134 -0.284418
1.476 0.311856 2.08259 -0.282311
1.48 0.310731 2.08384 -0.280204
1.484 0.309614 2.08508 -0.278097
1.488 0.308506 2.08632 -0.27599
1.492 0.307406 2.08755 -0.273883
1.496 0.306315 2.08878 -0.271776
1.5 0.305232 2.09 -0.269669
1.504 0.304158 2.09122 -0.267562
1.508 0.303092 2.09243 -0.265455
1.512 0.302034 2.09364 -0.263348
1.516 0.300985 2.09485 -0.261241
1.52 0.299944 2.09605 -0.259134
1.524 0.298912 2.09725 -0.257027
1.528 0.297888 2.09844 -0.25492
1.532 0.296872 2.09963 -0.252813
1.536 0.295865 2.10082 -0.250706
1.54 0.294867 2.102 -0.248599
1.544 0.293877 2.10318 -0.246492
1.548 0.292895 2.10435 -0.244385
1.552 0.291921 2.10552 -0.242278
1.556 0.290957 2.10668 -0.240172
1.56 0.29 2.10785 -0.238065
1.564 0.289052 2.109 -0.235958
1.568 0.288112 2.11016 -0.233851
1.572 0.287181 2.11131 -0.231744
1.576 0.286258 2.11246 -0.229637
1.58 0.285344 2.1136 -0.22753
1.584 0.284438 2.11474 -0.225423
1.588 0.283541 2.11587 -0.223316
1.592 0.282652 2.11701 -0.221209
1.596 0.281771 2.11814 -0.219102
1.6 0.280899 2.11926 -0.216995
1.604 0.280031 2.12038 -0.2167
1.608 0.279165 2.1215 -0.216405
1.612 0.2783 2.12262 -0.21611
1.616 0.277436 2.12373 -0.215815
1.62 0.276574 2.12484 -0.21552
1.624 0.275712 2.12594 -0.215225
1.628 0.274852 2.12704 -0.21493
1.632 0.273993 2.12814 -0.214635
1.636 0.273135 2.12923 -0.21434
1.64 0.272278 2.13032 -0.214045
1.644 0.271422 2.13141 -0.21375
1.648 0.270568 2.1325 -0.213455
1.652 0.269715 2.13358 -0.213161
1.656 0.268863 2.13465 -0.212866
1.66 0.268012 2.13573 -0.212571
1.664 0.267162 2.1368 -0.212276
1.668 0.266314 2.13786 -0.211981
1.672 0.265466 2.13893 -0.211686
1.676 0.26462 2.13999 -0.211391
1.68 0.263775 2.14105 -0.211096
1.684 0.262931 2.1421 -0.210801
1.688 0.262089 2.14315 -0.210506
1.692 0.261247 2.1442 -0.210211
1.696 0.260407 2.14524 -0.209916
1.7 0.259568 2.14628 -0.209621
1.704 0.25873 2.14732 -0.209326
1.708 0.257893 2.14835 -0.209031
1.712 0.257058 2.14938 -0.208736
1.716 0.256224 2.1504 -0.208441
1.72 0.25539 2.15143 -0.208146
1.724 0.254558 2.15245 -0.207851
1.728 0.253728 2.15346 -0.207556
1.732 0.252898 2.15448 -0.207261
1.736 0.252069 2.15549 -0.206966
1.74 0.251242 2.15649 -0.206672
1.744 0.250416 2.1575 -0.206377
1.748 0.249591 2.1585 -0.206082
1.752 0.248767 2.15949 -0.205787
1.756 0.247945 2.16049 -0.205492
1.76 0.247124 2.16148 -0.205197
1.764 0.246303 2.16246 -0.204902
1.768 0.245484 2.16345 -0.204607
1.772 0.244666 2.16443 -0.204312
1.776 0.24385 2.16541 -0.204017
1.78 0.243034 2.16638 -0.203722
1.784 0.24222 2.16735 -0.203427
1.788 0.241407 2.16832 -0.203132
1.792 0.240595 2.16928 -0.202837
1.796 0.239784 2.17024 -0.202542
1.8 0.238975 2.1712 -0.202247
1.804 0.238166 2.17215 -0.201952
1.808 0.237359 2.17311 -0.201657
1.812 0.236553 2.17405 -0.201362
1.816 0.235748 2.175 -0.201067
1.82 0.234944 2.17594 -0.200772
1.824 0.234142 2.17688 -0.200477
1.828 0.233341 2.17781 -0.200183
1.832 0.232541 2.17874 -0.199888
1.836 0.231742 2.17967 -0.199593
1.84 0.230944 2.1806 -0.199298
1.844 0.230147 2.18152 -0.199003
1.848 0.229352 2.18244 -0.198708
1.852 0.228558 2.18335 -0.198413
1.856 0.227764 2.18427 -0.198118
1.86 0.226973 2.18518 -0.197823
1.864 0.226182 2.18608 -0.197528
1.868 0.225392 2.18699 -0.197233
1.872 0.224604 2.18789 -0.196938
1.876 0.223817 2.18878 -0.196643
1.88 0.223031 2.18968 -0.196348
1.884 0.222246 2.19057 -0.196053
1.888 0.221462 2.19145 -0.195758
1.892 0.22068 2.19234 -0.195463
1.896 0.219899 2.19322 -0.195168
1.9 0.219119 2.1941 -0.194873
1.904 0.21834 2.19497 -0.194578
1.908 0.217562 2.19584 -0.194283
1.912 0.216785 2.19671 -0.193988
1.916 0.21601 2.19758 -0.193693
1.92 0.215236 2.19844 -0.193399
1.924 0.214463 2.1993 -0.193104
1.928 0.213691 2.20016 -0.192809
1.932 0.21292 2.20101 -0.192514
1.936 0.212151 2.20186 -0.192219
1.94 0.211383 2.20271 -0.191924
1.944 0.210616 2.20355 -0.191629
1.948 0.20985 2.20439 -0.191334
1.952 0.209085 2.20523 -0.191039
1.956 0.208321 2.20607 -0.190744
1.96 0.207559 2.2069 -0.190449
1.964 0.206798 2.20773 -0.190154
1.968 0.206038 2.20855 -0.189859
1.972 0.205279 2.20937 -0.189564
1.976 0.204521 2.21019 -0.189269
1.98 0.203765 2.21101 -0.188974
1.984 0.203009 2.21182 -0.188679
1.988 0.202255 2.21263 -0.188384
1.992 0.201502 2.21344 -0.188089
1.996 0.200751 2.21425 -0.187794
