        -3	 0.0497871	 0.0497871	-1.66533e-16	0.00353882	         0	         0	0.00353882
    -2.987	 0.0504385	 0.0504385	-6.245e-17	0.00337675	         0	         0	0.00337675
    -2.974	 0.0510985	 0.0510985	5.55112e-17	0.00322143	         0	         0	0.00322143
    -2.961	 0.0517671	 0.0517671	1.59595e-16	0.00307262	         0	         0	0.00307262
    -2.948	 0.0524445	 0.0524445	-4.16334e-17	0.00293005	         0	         0	0.00293005
    -2.935	 0.0531307	 0.0531307	1.11022e-16	0.00279351	         0	         0	0.00279351
    -2.922	 0.0538259	 0.0538259	4.16334e-17	0.00266276	         0	         0	0.00266276
    -2.909	 0.0545302	 0.0545302	4.85723e-17	0.00253757	         0	         0	0.00253757
    -2.896	 0.0552438	 0.0552438	         0	0.00241774	         0	         0	0.00241774
    -2.883	 0.0559666	 0.0559666	5.55112e-17	0.00230307	         0	         0	0.00230307
     -2.87	 0.0566989	 0.0566989	-4.16334e-17	0.00219334	         0	         0	0.00219334
    -2.857	 0.0574408	 0.0574408	-4.16334e-17	0.00208837	         0	         0	0.00208837
    -2.844	 0.0581924	 0.0581924	-1.66533e-16	0.00198797	         0	         0	0.00198797
    -2.831	 0.0589539	 0.0589539	-9.71445e-17	0.00189196	         0	         0	0.00189196
    -2.818	 0.0597253	 0.0597253	-7.63278e-17	0.00180018	         0	         0	0.00180018
    -2.805	 0.0605068	 0.0605068	1.59595e-16	0.00171245	         0	         0	0.00171245
    -2.792	 0.0612985	 0.0612985	-9.02056e-17	0.00162861	         0	         0	0.00162861
    -2.779	 0.0621006	 0.0621006	-5.55112e-17	 0.0015485	         0	         0	 0.0015485
    -2.766	 0.0629132	 0.0629132	-8.32667e-17	0.00147199	         0	         0	0.00147199
    -2.753	 0.0637364	 0.0637364	8.32667e-17	0.00139891	         0	         0	0.00139891
     -2.74	 0.0645703	 0.0645703	-4.16334e-17	0.00132914	         0	         0	0.00132914
    -2.727	 0.0654152	 0.0654152	-1.66533e-16	0.00126254	         0	         0	0.00126254
    -2.714	 0.0662712	 0.0662712	-2.77556e-16	0.00119897	         0	         0	0.00119897
    -2.701	 0.0671383	 0.0671383	9.71445e-17	0.00113832	         0	         0	0.00113832
    -2.688	 0.0680168	 0.0680168	-6.93889e-17	0.00108046	         0	         0	0.00108046
    -2.675	 0.0689068	 0.0689068	2.77556e-17	0.00102528	         0	         0	0.00102528
    -2.662	 0.0698085	 0.0698085	         0	0.000972669	         0	         0	0.000972669
    -2.649	 0.0707219	 0.0707219	1.38778e-17	0.000922513	         0	         0	0.000922513
    -2.636	 0.0716473	 0.0716473	-2.08167e-16	0.000874713	         0	         0	0.000874713
    -2.623	 0.0725848	 0.0725848	5.55112e-17	0.000829168	         0	         0	0.000829168
     -2.61	 0.0735345	 0.0735345	1.94289e-16	0.000785783	         0	         0	0.000785783
    -2.597	 0.0744967	 0.0744967	-4.16334e-17	0.000744465	         0	         0	0.000744465
    -2.584	 0.0754715	 0.0754715	1.38778e-17	0.000705126	         0	         0	0.000705126
    -2.571	  0.076459	  0.076459	1.94289e-16	0.00066768	         0	         0	0.00066768
    -2.558	 0.0774595	 0.0774595	-9.71445e-17	0.000632046	         0	         0	0.000632046
    -2.545	 0.0784731	 0.0784731	2.77556e-16	0.000598144	         0	         0	0.000598144
    -2.532	 0.0794999	 0.0794999	3.05311e-16	0.000565898	         0	         0	0.000565898
    -2.519	 0.0805401	 0.0805401	-9.71445e-17	0.000535236	         0	         0	0.000535236
    -2.506	  0.081594	  0.081594	-4.16334e-16	0.000506087	         0	         0	0.000506087
    -2.493	 0.0826616	 0.0826616	 1.249e-16	0.000478385	         0	         0	0.000478385
     -2.48	 0.0837432	 0.0837432	 1.249e-16	0.000452063	         0	         0	0.000452063
    -2.467	  0.084839	  0.084839	-4.16334e-17	0.000427062	         0	         0	0.000427062
    -2.454	 0.0859491	 0.0859491	-2.498e-16	0.00040332	         0	         0	0.00040332
    -2.441	 0.0870737	 0.0870737	-8.32667e-17	0.000380781	         0	         0	0.000380781
    -2.428	 0.0882131	 0.0882131	2.35922e-16	0.000359389	         0	         0	0.000359389
    -2.415	 0.0893673	 0.0893673	-4.16334e-17	0.000339093	         0	         0	0.000339093
    -2.402	 0.0905367	 0.0905367	1.38778e-17	0.000319841	         0	         0	0.000319841
    -2.389	 0.0917214	 0.0917214	-1.80411e-16	0.000301585	         0	         0	0.000301585
    -2.376	 0.0929215	 0.0929215	1.66533e-16	0.000284279	         0	         0	0.000284279
    -2.363	 0.0941374	 0.0941374	8.32667e-17	0.000267877	         0	         0	0.000267877
     -2.35	 0.0953692	 0.0953692	2.22045e-16	0.000252339	         0	         0	0.000252339
    -2.337	 0.0966171	 0.0966171	4.16334e-17	0.000237621	         0	         0	0.000237621
    -2.324	 0.0978813	 0.0978813	-3.33067e-16	0.000223687	         0	         0	0.000223687
    -2.311	  0.099162	  0.099162	1.94289e-16	0.000210497	         0	         0	0.000210497
    -2.298	   0.10046	   0.10046	 2.498e-16	0.000198016	         0	         0	0.000198016
    -2.285	  0.101774	  0.101774	4.30211e-16	0.000186209	         0	         0	0.000186209
    -2.272	  0.103106	  0.103106	3.33067e-16	0.000175045	         0	         0	0.000175045
    -2.259	  0.104455	  0.104455	3.33067e-16	0.00016449	         0	         0	0.00016449
    -2.246	  0.105822	  0.105822	3.19189e-16	0.000154516	         0	         0	0.000154516
    -2.233	  0.107206	  0.107206	8.32667e-17	0.000145093	         0	         0	0.000145093
     -2.22	  0.108609	  0.108609	-1.38778e-17	0.000136194	         0	         0	0.000136194
    -2.207	   0.11003	   0.11003	9.71445e-17	0.000127793	         0	         0	0.000127793
    -2.194	   0.11147	   0.11147	-2.498e-16	0.000119865	         0	         0	0.000119865
    -2.181	  0.112929	  0.112929	-5.55112e-17	0.000112385	         0	         0	0.000112385
    -2.168	  0.114406	  0.114406	8.32667e-17	0.00010533	         0	         0	0.00010533
    -2.155	  0.115903	  0.115903	-4.16334e-16	9.86799e-05	         0	         0	9.86799e-05
    -2.142	   0.11742	   0.11742	-1.38778e-16	9.24124e-05	         0	         0	9.24124e-05
    -2.129	  0.118956	  0.118956	-1.80411e-16	8.6508e-05	         0	         0	8.6508e-05
    -2.116	  0.120513	  0.120513	6.93889e-17	8.09477e-05	         0	         0	8.09477e-05
    -2.103	   0.12209	   0.12209	 3.747e-16	7.57134e-05	         0	         0	7.57134e-05
     -2.09	  0.123687	  0.123687	-5.27356e-16	7.07878e-05	         0	         0	7.07878e-05
    -2.077	  0.125306	  0.125306	         0	6.61546e-05	         0	         0	6.61546e-05
    -2.064	  0.126945	  0.126945	3.33067e-16	6.1798e-05	         0	         0	6.1798e-05
    -2.051	  0.128606	  0.128606	3.05311e-16	5.77032e-05	         0	         0	5.77032e-05
    -2.038	  0.130289	  0.130289	-4.44089e-16	5.3856e-05	         0	         0	5.3856e-05
    -2.025	  0.131994	  0.131994	-5.55112e-17	5.02428e-05	         0	         0	5.02428e-05
    -2.012	  0.133721	  0.133721	1.94289e-16	4.68508e-05	         0	         0	4.68508e-05
    -1.999	  0.135471	  0.135471	2.77556e-17	4.36678e-05	         0	         0	4.36678e-05
    -1.986	  0.137243	  0.137243	         0	4.06821e-05	         0	         0	4.06821e-05
    -1.973	  0.139039	  0.139039	2.77556e-17	3.78828e-05	         0	         0	3.78828e-05
     -1.96	  0.140858	  0.140858	-2.77556e-17	3.52592e-05	         0	         0	3.52592e-05
    -1.947	  0.142702	  0.142702	-3.05311e-16	3.28015e-05	         0	         0	3.28015e-05
    -1.934	  0.144569	  0.144569	1.38778e-16	3.05002e-05	         0	         0	3.05002e-05
    -1.921	   0.14646	   0.14646	2.77556e-17	2.83463e-05	         0	         0	2.83463e-05
    -1.908	  0.148377	  0.148377	1.38778e-16	2.63312e-05	         0	         0	2.63312e-05
    -1.895	  0.150318	  0.150318	1.38778e-16	2.44469e-05	         0	         0	2.44469e-05
    -1.882	  0.152285	  0.152285	         0	2.26857e-05	         0	         0	2.26857e-05
    -1.869	  0.154278	  0.154278	         0	2.10404e-05	         0	         0	2.10404e-05
    -1.856	  0.156297	  0.156297	-5.55112e-17	1.9504e-05	         0	         0	1.9504e-05
    -1.843	  0.158342	  0.158342	1.66533e-16	1.80701e-05	         0	         0	1.80701e-05
     -1.83	  0.160414	  0.160414	-1.94289e-16	1.67324e-05	         0	         0	1.67324e-05
    -1.817	  0.162513	  0.162513	2.77556e-16	1.54852e-05	         0	         0	1.54852e-05
    -1.804	  0.164639	  0.164639	         0	1.43229e-05	         0	         0	1.43229e-05
    -1.791	  0.166793	  0.166793	1.66533e-16	1.32403e-05	         0	         0	1.32403e-05
    -1.778	  0.168976	  0.168976	1.11022e-16	1.22324e-05	         0	         0	1.22324e-05
    -1.765	  0.171187	  0.171187	-8.32667e-17	1.12946e-05	         0	         0	1.12946e-05
    -1.752	  0.173427	  0.173427	-1.11022e-16	1.04225e-05	         0	         0	1.04225e-05
    -1.739	  0.175696	  0.175696	1.11022e-16	9.61196e-06	         0	         0	9.61196e-06
    -1.726	  0.177995	  0.177995	-2.22045e-16	8.85898e-06	         0	         0	8.85898e-06
    -1.713	  0.180324	  0.180324	         0	8.1599e-06	         0	         0	8.1599e-06
      -1.7	  0.182684	  0.182684	1.38778e-16	7.51123e-06	         0	         0	7.51123e-06
    -1.687	  0.185074	  0.185074	8.32667e-17	6.90968e-06	         0	         0	6.90968e-06
    -1.674	  0.187496	  0.187496	2.77556e-16	6.35217e-06	         0	         0	6.35217e-06
    -1.661	  0.189949	  0.189949	-2.498e-16	5.83577e-06	         0	         0	5.83577e-06
    -1.648	  0.192434	  0.192434	         0	5.35775e-06	         0	         0	5.35775e-06
    -1.635	  0.194952	  0.194952	2.77556e-16	4.91552e-06	         0	         0	4.91552e-06
    -1.622	  0.197503	  0.197503	1.94289e-16	4.50666e-06	         0	         0	4.50666e-06
    -1.609	  0.200088	  0.200088	5.55112e-17	4.12889e-06	         0	         0	4.12889e-06
    -1.596	  0.202706	  0.202706	1.94289e-16	3.78008e-06	         0	         0	3.78008e-06
    -1.583	  0.205358	  0.205358	-1.11022e-16	3.45821e-06	         0	         0	3.45821e-06
     -1.57	  0.208045	  0.208045	-8.32667e-17	3.16141e-06	         0	         0	3.16141e-06
    -1.557	  0.210767	  0.210767	-5.55112e-17	2.8879e-06	         0	         0	2.8879e-06
    -1.544	  0.213525	  0.213525	         0	2.63603e-06	         0	         0	2.63603e-06
    -1.531	  0.216319	  0.216319	-5.55112e-17	2.40426e-06	         0	         0	2.40426e-06
    -1.518	   0.21915	   0.21915	5.55112e-17	2.19113e-06	         0	         0	2.19113e-06
    -1.505	  0.222017	  0.222017	1.94289e-16	1.99528e-06	         0	         0	1.99528e-06
    -1.492	  0.224922	  0.224922	1.11022e-16	1.81545e-06	         0	         0	1.81545e-06
    -1.479	  0.227865	  0.227865	2.77556e-16	1.65045e-06	         0	         0	1.65045e-06
    -1.466	  0.230847	  0.230847	1.11022e-16	1.49918e-06	         0	         0	1.49918e-06
    -1.453	  0.233868	  0.233868	-1.94289e-16	1.36059e-06	         0	         0	1.36059e-06
     -1.44	  0.236928	  0.236928	3.33067e-16	1.23373e-06	         0	         0	1.23373e-06
    -1.427	  0.240028	  0.240028	 4.996e-16	1.11769e-06	         0	         0	1.11769e-06
    -1.414	  0.243169	  0.243169	-3.33067e-16	1.01165e-06	         0	         0	1.01165e-06
    -1.401	   0.24635	   0.24635	-4.71845e-16	9.14812e-07	         0	         0	9.14812e-07
    -1.388	  0.249574	  0.249574	3.33067e-16	8.26465e-07	         0	         0	8.26465e-07
    -1.375	   0.25284	   0.25284	         0	7.4593e-07	         0	         0	7.4593e-07
    -1.362	  0.256148	  0.256148	         0	6.72582e-07	         0	         0	6.72582e-07
    -1.349	    0.2595	    0.2595	-4.44089e-16	6.05839e-07	         0	         0	6.05839e-07
    -1.336	  0.262895	  0.262895	-1.11022e-16	5.45163e-07	         0	         0	5.45163e-07
    -1.323	  0.266335	  0.266335	-1.66533e-16	4.90053e-07	         0	         0	4.90053e-07
     -1.31	   0.26982	   0.26982	2.77556e-16	4.40047e-07	         0	         0	4.40047e-07
    -1.297	  0.273351	  0.273351	-2.22045e-16	3.94716e-07	         0	         0	3.94716e-07
    -1.284	  0.276927	  0.276927	-6.10623e-16	3.53664e-07	         0	         0	3.53664e-07
    -1.271	  0.280551	  0.280551	-2.77556e-16	3.16525e-07	         0	         0	3.16525e-07
    -1.258	  0.284222	  0.284222	3.88578e-16	2.8296e-07	         0	         0	2.8296e-07
    -1.245	  0.287941	  0.287941	-3.88578e-16	2.52658e-07	         0	         0	2.52658e-07
    -1.232	  0.291709	  0.291709	6.10623e-16	2.25331e-07	         0	         0	2.25331e-07
    -1.219	  0.295526	  0.295526	1.11022e-16	2.00713e-07	         0	         0	2.00713e-07
    -1.206	  0.299392	  0.299392	1.11022e-16	1.78562e-07	         0	         0	1.78562e-07
    -1.193	   0.30331	   0.30331	-1.66533e-16	1.58652e-07	         0	         0	1.58652e-07
     -1.18	  0.307279	  0.307279	7.77156e-16	1.40779e-07	         0	         0	1.40779e-07
    -1.167	  0.311299	  0.311299	5.55112e-17	1.24752e-07	         0	         0	1.24752e-07
    -1.154	  0.315373	  0.315373	5.55112e-17	 1.104e-07	         0	         0	 1.104e-07
    -1.141	  0.319499	  0.319499	-5.55112e-17	9.75621e-08	         0	         0	9.75621e-08
    -1.128	   0.32368	   0.32368	-2.22045e-16	8.60943e-08	         0	         0	8.60943e-08
    -1.115	  0.327915	  0.327915	-5.55112e-17	7.58636e-08	         0	         0	7.58636e-08
    -1.102	  0.332206	  0.332206	-2.77556e-16	6.67488e-08	         0	         0	6.67488e-08
    -1.089	  0.336553	  0.336553	-2.77556e-16	5.86393e-08	         0	         0	5.86393e-08
    -1.076	  0.340957	  0.340957	-7.21645e-16	5.14345e-08	         0	         0	5.14345e-08
    -1.063	  0.345418	  0.345418	2.77556e-16	4.50425e-08	         0	         0	4.50425e-08
     -1.05	  0.349938	  0.349938	-7.21645e-16	 3.938e-08	         0	         0	 3.938e-08
    -1.037	  0.354517	  0.354517	-4.44089e-16	3.43715e-08	         0	         0	3.43715e-08
    -1.024	  0.359155	  0.359155	-2.22045e-16	2.99481e-08	         0	         0	2.99481e-08
    -1.011	  0.363855	  0.363855	-4.996e-16	2.60478e-08	         0	         0	2.60478e-08
    -0.998	  0.368616	  0.368616	2.77556e-16	2.26143e-08	         0	         0	2.26143e-08
    -0.985	  0.373439	  0.373439	2.77556e-16	1.95968e-08	         0	         0	1.95968e-08
    -0.972	  0.378326	  0.378326	1.66533e-16	1.69495e-08	         0	         0	1.69495e-08
    -0.959	  0.383276	  0.383276	-1.11022e-16	1.46309e-08	         0	         0	1.46309e-08
    -0.946	  0.388291	  0.388291	-2.22045e-16	1.26041e-08	         0	         0	1.26041e-08
    -0.933	  0.393372	  0.393372	1.66533e-16	1.08354e-08	         0	         0	1.08354e-08
     -0.92	  0.398519	  0.398519	5.55112e-17	9.29515e-09	         0	         0	9.29515e-09
    -0.907	  0.403734	  0.403734	-5.55112e-17	7.95632e-09	         0	         0	7.95632e-09
    -0.894	  0.409016	  0.409016	-1.11022e-16	6.79496e-09	         0	         0	6.79496e-09
    -0.881	  0.414368	  0.414368	2.22045e-16	5.78964e-09	         0	         0	5.78964e-09
    -0.868	   0.41979	   0.41979	         0	4.92126e-09	         0	         0	4.92126e-09
    -0.855	  0.425283	  0.425283	1.11022e-16	4.17282e-09	         0	         0	4.17282e-09
    -0.842	  0.430848	  0.430848	1.66533e-16	3.52923e-09	         0	         0	3.52923e-09
    -0.829	  0.436486	  0.436486	-1.11022e-16	2.97708e-09	         0	         0	2.97708e-09
    -0.816	  0.442197	  0.442197	5.55112e-17	2.50453e-09	         0	         0	2.50453e-09
    -0.803	  0.447983	  0.447983	-2.22045e-16	2.10112e-09	         0	         0	2.10112e-09
     -0.79	  0.453845	  0.453845	3.33067e-16	1.75761e-09	         0	         0	1.75761e-09
    -0.777	  0.459783	  0.459783	-2.22045e-16	1.46589e-09	         0	         0	1.46589e-09
    -0.764	  0.465799	  0.465799	 4.996e-16	1.21883e-09	         0	         0	1.21883e-09
    -0.751	  0.471894	  0.471894	-5.55112e-17	1.01019e-09	         0	         0	1.01019e-09
    -0.738	  0.478069	  0.478069	-2.77556e-16	8.34507e-10	         0	         0	8.34507e-10
    -0.725	  0.484325	  0.484325	-2.22045e-16	6.8703e-10	         0	         0	6.8703e-10
    -0.712	  0.490662	  0.490662	-1.66533e-16	5.63618e-10	         0	         0	5.63618e-10
    -0.699	  0.497082	  0.497082	-2.77556e-16	4.60683e-10	         0	         0	4.60683e-10
    -0.686	  0.503586	  0.503586	-4.44089e-16	3.75117e-10	         0	         0	3.75117e-10
    -0.673	  0.510176	  0.510176	2.22045e-16	3.0424e-10	         0	         0	3.0424e-10
     -0.66	  0.516851	  0.516851	-1.11022e-16	2.45744e-10	         0	         0	2.45744e-10
    -0.647	  0.523614	  0.523614	-3.33067e-16	1.9765e-10	         0	         0	1.9765e-10
    -0.634	  0.530466	  0.530466	-4.44089e-16	1.58263e-10	         0	         0	1.58263e-10
    -0.621	  0.537407	  0.537407	1.11022e-16	1.26141e-10	         0	         0	1.26142e-10
    -0.608	  0.544439	  0.544439	1.11022e-16	1.00055e-10	         0	         0	1.00056e-10
    -0.595	  0.551563	  0.551563	         0	7.89656e-11	         0	         0	7.89657e-11
    -0.582	   0.55878	   0.55878	1.11022e-16	6.19951e-11	         0	         0	6.19952e-11
    -0.569	  0.566091	  0.566091	-3.33067e-16	4.84046e-11	         0	         0	4.84046e-11
    -0.556	  0.573498	  0.573498	3.33067e-16	3.75781e-11	         0	         0	3.75782e-11
    -0.543	  0.581003	  0.581003	7.77156e-16	2.89981e-11	         0	         0	2.89981e-11
     -0.53	  0.588605	  0.588605	1.11022e-16	2.22357e-11	         0	         0	2.22357e-11
    -0.517	  0.596307	  0.596307	-1.11022e-16	1.6938e-11	         0	         0	1.6938e-11
    -0.504	  0.604109	  0.604109	-2.22045e-16	1.2813e-11	         0	         0	1.28131e-11
    -0.491	  0.612014	  0.612014	-2.22045e-16	9.62197e-12	         0	         0	9.62197e-12
    -0.478	  0.620022	  0.620022	1.11022e-16	7.17049e-12	         0	         0	7.1706e-12
    -0.465	  0.628135	  0.628135	2.22045e-16	5.30009e-12	         0	         0	5.30009e-12
    -0.452	  0.636354	  0.636354	         0	3.88389e-12	         0	         0	3.88389e-12
    -0.439	  0.644681	  0.644681	         0	2.8203e-12	         0	         0	2.82052e-12
    -0.426	  0.653116	  0.653116	1.11022e-16	2.0286e-12	         0	         0	2.02849e-12
    -0.413	  0.661662	  0.661662	-1.11022e-16	1.44385e-12	         0	         0	1.44385e-12
      -0.4	   0.67032	   0.67032	3.33067e-16	1.01708e-12	         0	         0	1.01708e-12
    -0.387	  0.679091	  0.679091	1.11022e-16	7.07878e-13	         0	         0	7.07878e-13
    -0.374	  0.687977	  0.687977	-3.33067e-16	4.86167e-13	         0	         0	4.86278e-13
    -0.361	  0.696979	  0.696979	-1.11022e-16	3.29847e-13	         0	         0	3.29958e-13
    -0.348	  0.706099	  0.706099	-2.22045e-16	2.2049e-13	         0	         0	2.20601e-13
    -0.335	  0.715338	  0.715338	-2.22045e-16	1.45106e-13	         0	         0	1.45217e-13
    -0.322	  0.724698	  0.724698	         0	9.41469e-14	         0	         0	9.42579e-14
    -0.309	  0.734181	  0.734181	-1.11022e-16	5.9841e-14	         0	         0	5.9952e-14
    -0.296	  0.743787	  0.743787	-2.22045e-16	3.71925e-14	         0	         0	3.73035e-14
    -0.283	   0.75352	   0.75352	-2.22045e-16	2.26485e-14	         0	         0	2.25375e-14
     -0.27	  0.763379	  0.763379	         0	1.36557e-14	         0	         0	1.36557e-14
    -0.257	  0.773368	  0.773368	-2.22045e-16	7.77156e-15	         0	         0	7.66054e-15
    -0.244	  0.783488	  0.783488	         0	4.44089e-15	         0	         0	4.32987e-15
    -0.231	  0.793739	  0.793739	         0	2.44249e-15	         0	         0	2.55351e-15
    -0.218	  0.804125	  0.804125	1.11022e-16	1.44329e-15	         0	         0	1.44329e-15
    -0.205	  0.814647	  0.814647	         0	6.66134e-16	         0	         0	5.55112e-16
    -0.192	  0.825307	  0.825307	1.11022e-16	4.44089e-16	         0	         0	3.33067e-16
    -0.179	  0.836106	  0.836106	1.11022e-16	2.22045e-16	         0	         0	1.11022e-16
    -0.166	  0.847046	  0.847046	1.11022e-16	2.22045e-16	         0	         0	2.22045e-16
    -0.153	   0.85813	   0.85813	1.11022e-16	1.11022e-16	         0	         0	         0
     -0.14	  0.869358	  0.869358	         0	         0	         0	         0	         0
    -0.127	  0.880734	  0.880734	-1.11022e-16	1.11022e-16	         0	         0	1.11022e-16
    -0.114	  0.892258	  0.892258	1.11022e-16	1.11022e-16	         0	         0	1.11022e-16
    -0.101	  0.903933	  0.903933	1.11022e-16	1.11022e-16	         0	         0	1.11022e-16
    -0.088	  0.915761	  0.915761	-1.11022e-16	         0	         0	         0	         0
    -0.075	  0.927743	  0.927743	         0	         0	         0	         0	         0
    -0.062	  0.939883	  0.939883	         0	         0	         0	         0	         0
    -0.049	  0.952181	  0.952181	         0	         0	         0	         0	         0
    -0.036	   0.96464	   0.96464	-1.11022e-16	1.11022e-16	         0	         0	         0
    -0.023	  0.977262	  0.977262	         0	         0	         0	         0	         0
     -0.01	   0.99005	   0.99005	         0	         0	         0	         0	1.11022e-16
     0.003	     1.003	     1.003	         0	         0	         0	         0	         0
     0.016	   1.01613	   1.01613	         0	         0	         0	2.22045e-16	2.22045e-16
     0.029	   1.02942	   1.02942	         0	         0	         0	2.22045e-16	2.22045e-16
     0.042	   1.04289	   1.04289	         0	         0	         0	2.22045e-16	2.22045e-16
     0.055	   1.05654	   1.05654	2.22045e-16	         0	         0	2.22045e-16	2.22045e-16
     0.068	   1.07037	   1.07037	2.22045e-16	         0	         0	2.22045e-16	2.22045e-16
     0.081	   1.08437	   1.08437	         0	         0	         0	2.22045e-16	2.22045e-16
     0.094	   1.09856	   1.09856	         0	         0	         0	         0	         0
     0.107	   1.11293	   1.11293	         0	         0	         0	         0	         0
      0.12	    1.1275	    1.1275	         0	         0	         0	         0	         0
     0.133	   1.14225	   1.14225	2.22045e-16	         0	2.22045e-16	         0	2.22045e-16
     0.146	    1.1572	    1.1572	         0	         0	         0	         0	2.22045e-16
     0.159	   1.17234	   1.17234	-2.22045e-16	         0	2.22045e-16	         0	2.22045e-16
     0.172	   1.18768	   1.18768	         0	         0	         0	         0	2.22045e-16
     0.185	   1.20322	   1.20322	         0	         0	2.22045e-16	         0	4.44089e-16
     0.198	   1.21896	   1.21896	         0	         0	4.44089e-16	         0	8.88178e-16
     0.211	   1.23491	   1.23491	         0	         0	1.11022e-15	         0	8.88178e-16
     0.224	   1.25107	   1.25107	2.22045e-16	         0	1.55431e-15	         0	1.77636e-15
     0.237	   1.26744	   1.26744	-2.22045e-16	         0	3.55271e-15	         0	3.77476e-15
      0.25	   1.28403	   1.28403	         0	         0	5.9952e-15	         0	5.77316e-15
     0.263	   1.30083	   1.30083	2.22045e-16	         0	1.04361e-14	         0	1.04361e-14
     0.276	   1.31785	   1.31785	-6.66134e-16	         0	1.88738e-14	         0	1.90958e-14
     0.289	   1.33509	   1.33509	-6.66134e-16	         0	3.08642e-14	         0	3.08642e-14
     0.302	   1.35256	   1.35256	         0	         0	4.90719e-14	         0	4.90719e-14
     0.315	   1.37026	   1.37026	-2.22045e-16	         0	7.81597e-14	         0	7.79377e-14
     0.328	   1.38819	   1.38819	2.22045e-16	         0	1.2168e-13	         0	1.2168e-13
     0.341	   1.40635	   1.40635	         0	         0	1.86962e-13	         0	1.86962e-13
     0.354	   1.42476	   1.42476	2.22045e-16	         0	2.82219e-13	         0	2.81997e-13
     0.367	    1.4434	    1.4434	-2.22045e-16	         0	4.20552e-13	         0	4.20775e-13
      0.38	   1.46228	   1.46228	4.44089e-16	         0	6.1684e-13	         0	6.16618e-13
     0.393	   1.48142	   1.48142	-4.44089e-16	         0	8.9484e-13	         0	8.95506e-13
     0.406	    1.5008	    1.5008	2.22045e-16	         0	1.28098e-12	         0	1.28075e-12
     0.419	   1.52044	   1.52044	-4.44089e-16	         0	1.8141e-12	         0	1.81433e-12
     0.432	   1.54034	   1.54034	-4.44089e-16	         0	2.54174e-12	         0	2.5413e-12
     0.445	   1.56049	   1.56049	4.44089e-16	         0	3.52451e-12	         0	3.52474e-12
     0.458	   1.58091	   1.58091	8.88178e-16	         0	4.84324e-12	         0	4.84324e-12
     0.471	   1.60159	   1.60159	6.66134e-16	         0	6.59739e-12	         0	6.59717e-12
     0.484	   1.62255	   1.62255	-2.22045e-16	         0	8.91198e-12	         0	8.9122e-12
     0.497	   1.64378	   1.64378	-4.44089e-16	         0	1.19424e-11	         0	1.19422e-11
      0.51	   1.66529	   1.66529	4.44089e-16	         0	1.58817e-11	         0	1.58822e-11
     0.523	   1.68708	   1.68708	         0	         0	2.09723e-11	         0	2.09723e-11
     0.536	   1.70916	   1.70916	-8.88178e-16	         0	2.75071e-11	         0	2.75069e-11
     0.549	   1.73152	   1.73152	-4.44089e-16	         0	3.58431e-11	         0	3.58436e-11
     0.562	   1.75418	   1.75418	-6.66134e-16	         0	4.64195e-11	         0	4.64193e-11
     0.575	   1.77713	   1.77713	1.55431e-15	         0	5.97613e-11	         0	5.97613e-11
     0.588	   1.80038	   1.80038	-1.55431e-15	         0	7.65132e-11	         0	7.65132e-11
     0.601	   1.82394	   1.82394	1.11022e-15	         0	9.74274e-11	         0	9.74274e-11
     0.614	   1.84781	   1.84781	6.66134e-16	         0	1.23427e-10	         0	1.23427e-10
     0.627	   1.87199	   1.87199	-6.66134e-16	         0	1.55595e-10	         0	1.55595e-10
      0.64	   1.89648	   1.89648	2.22045e-15	         0	1.95217e-10	         0	1.95217e-10
     0.653	    1.9213	    1.9213	-6.66134e-16	         0	2.43827e-10	         0	2.43827e-10
     0.666	   1.94644	   1.94644	-8.88178e-16	         0	3.03212e-10	         0	3.03212e-10
     0.679	    1.9719	    1.9719	4.44089e-16	         0	3.75483e-10	         0	3.75482e-10
     0.692	   1.99771	   1.99771	         0	         0	4.6311e-10	         0	4.6311e-10
     0.705	   2.02385	   2.02385	1.33227e-15	         0	5.68972e-10	         0	5.68972e-10
     0.718	   2.05033	   2.05033	8.88178e-16	         0	6.96426e-10	         0	6.96426e-10
     0.731	   2.07716	   2.07716	4.44089e-16	         0	8.49363e-10	         0	8.49363e-10
     0.744	   2.10434	   2.10434	-1.33227e-15	         0	1.03229e-09	         0	1.03229e-09
     0.757	   2.13187	   2.13187	1.77636e-15	         0	1.2504e-09	         0	1.2504e-09
      0.77	   2.15977	   2.15977	8.88178e-16	         0	1.5097e-09	         0	1.5097e-09
     0.783	   2.18803	   2.18803	-1.33227e-15	         0	1.81706e-09	         0	1.81706e-09
     0.796	   2.21666	   2.21666	-1.77636e-15	         0	2.18038e-09	         0	2.18038e-09
     0.809	   2.24566	   2.24566	1.33227e-15	         0	2.60867e-09	         0	2.60867e-09
     0.822	   2.27505	   2.27505	2.22045e-15	         0	3.11225e-09	         0	3.11225e-09
     0.835	   2.30481	   2.30481	-2.22045e-15	         0	3.70284e-09	         0	3.70285e-09
     0.848	   2.33497	   2.33497	         0	         0	4.39378e-09	         0	4.39378e-09
     0.861	   2.36553	   2.36553	8.88178e-16	         0	5.20018e-09	         0	5.20018e-09
     0.874	   2.39648	   2.39648	1.33227e-15	         0	6.13918e-09	         0	6.13918e-09
     0.887	   2.42784	   2.42784	-8.88178e-16	         0	7.23013e-09	         0	7.23013e-09
       0.9	    2.4596	    2.4596	8.88178e-16	         0	8.49485e-09	         0	8.49485e-09
     0.913	   2.49179	   2.49179	2.22045e-15	         0	9.95792e-09	         0	9.95792e-09
     0.926	   2.52439	   2.52439	8.88178e-16	         0	1.1647e-08	         0	1.1647e-08
     0.939	   2.55742	   2.55742	         0	         0	1.35931e-08	         0	1.35931e-08
     0.952	   2.59089	   2.59089	4.44089e-16	         0	1.58309e-08	         0	1.58309e-08
     0.965	   2.62479	   2.62479	1.33227e-15	         0	1.83994e-08	         0	1.83994e-08
     0.978	   2.65913	   2.65913	1.33227e-15	         0	2.13421e-08	         0	2.13421e-08
     0.991	   2.69393	   2.69393	1.33227e-15	         0	2.47072e-08	         0	2.47072e-08
     1.004	   2.72918	   2.72918	1.33227e-15	         0	2.8549e-08	         0	2.8549e-08
     1.017	   2.76489	   2.76489	-3.55271e-15	         0	3.29273e-08	         0	3.29273e-08
      1.03	   2.80107	   2.80107	3.10862e-15	         0	3.7909e-08	         0	3.7909e-08
     1.043	   2.83772	   2.83772	-1.77636e-15	         0	4.35679e-08	         0	4.35679e-08
     1.056	   2.87485	   2.87485	         0	         0	4.99862e-08	         0	4.99862e-08
     1.069	   2.91247	   2.91247	-2.22045e-15	         0	5.72545e-08	         0	5.72545e-08
     1.082	   2.95057	   2.95057	5.77316e-15	         0	6.54732e-08	         0	6.54732e-08
     1.095	   2.98918	   2.98918	-3.55271e-15	         0	7.47529e-08	         0	7.47529e-08
     1.108	    3.0283	    3.0283	1.33227e-15	         0	8.52157e-08	         0	8.52157e-08
     1.121	   3.06792	   3.06792	3.10862e-15	         0	9.69961e-08	         0	9.69961e-08
     1.134	   3.10806	   3.10806	3.55271e-15	         0	1.10242e-07	         0	1.10242e-07
     1.147	   3.14873	   3.14873	8.88178e-16	         0	1.25116e-07	         0	1.25116e-07
      1.16	   3.18993	   3.18993	-1.33227e-15	         0	1.41796e-07	         0	1.41796e-07
     1.173	   3.23167	   3.23167	         0	         0	1.60478e-07	         0	1.60478e-07
     1.186	   3.27396	   3.27396	-3.55271e-15	         0	1.81377e-07	         0	1.81377e-07
     1.199	    3.3168	    3.3168	-4.88498e-15	         0	2.04727e-07	         0	2.04727e-07
     1.212	    3.3602	    3.3602	-4.44089e-15	         0	2.30784e-07	         0	2.30784e-07
     1.225	   3.40417	   3.40417	3.10862e-15	         0	2.59829e-07	         0	2.59829e-07
     1.238	   3.44871	   3.44871	-4.88498e-15	         0	2.92168e-07	         0	2.92168e-07
     1.251	   3.49384	   3.49384	2.66454e-15	         0	3.28134e-07	         0	3.28134e-07
     1.264	   3.53955	   3.53955	-5.77316e-15	         0	3.6809e-07	         0	3.6809e-07
     1.277	   3.58587	   3.58587	1.33227e-15	         0	4.12431e-07	         0	4.12431e-07
      1.29	   3.63279	   3.63279	3.55271e-15	         0	4.61589e-07	         0	4.61589e-07
     1.303	   3.68032	   3.68032	1.77636e-15	         0	5.16029e-07	         0	5.16029e-07
     1.316	   3.72848	   3.72848	-4.88498e-15	         0	5.76259e-07	         0	5.76259e-07
     1.329	   3.77726	   3.77726	         0	         0	6.42829e-07	         0	6.42829e-07
     1.342	   3.82669	   3.82669	-1.77636e-15	         0	7.16337e-07	         0	7.16337e-07
     1.355	   3.87676	   3.87676	-3.55271e-15	         0	7.97427e-07	         0	7.97427e-07
     1.368	   3.92749	   3.92749	-4.88498e-15	         0	8.86799e-07	         0	8.86799e-07
     1.381	   3.97888	   3.97888	-8.43769e-15	         0	9.8521e-07	         0	9.8521e-07
     1.394	   4.03094	   4.03094	1.77636e-15	         0	1.09348e-06	         0	1.09348e-06
     1.407	   4.08369	   4.08369	-7.99361e-15	         0	1.21248e-06	         0	1.21248e-06
      1.42	   4.13712	   4.13712	-4.44089e-15	         0	1.34318e-06	         0	1.34318e-06
     1.433	   4.19125	   4.19125	7.10543e-15	         0	1.48659e-06	         0	1.48659e-06
     1.446	    4.2461	    4.2461	-8.88178e-16	         0	1.64383e-06	         0	1.64383e-06
     1.459	   4.30166	   4.30166	-7.10543e-15	         0	1.81609e-06	         0	1.81609e-06
     1.472	   4.35794	   4.35794	7.99361e-15	         0	2.00465e-06	         0	2.00465e-06
     1.485	   4.41497	   4.41497	4.44089e-15	         0	2.2109e-06	         0	2.2109e-06
     1.498	   4.47273	   4.47273	-3.55271e-15	         0	2.43631e-06	         0	2.43631e-06
     1.511	   4.53126	   4.53126	-7.10543e-15	         0	2.68248e-06	         0	2.68248e-06
     1.524	   4.59055	   4.59055	-5.32907e-15	         0	2.95112e-06	         0	2.95112e-06
     1.537	   4.65062	   4.65062	-4.44089e-15	         0	3.24408e-06	         0	3.24408e-06
      1.55	   4.71147	   4.71147	1.77636e-15	         0	3.56332e-06	         0	3.56332e-06
     1.563	   4.77312	   4.77312	-9.76996e-15	         0	3.91095e-06	         0	3.91095e-06
     1.576	   4.83557	   4.83557	-8.88178e-16	         0	4.28923e-06	         0	4.28923e-06
     1.589	   4.89885	   4.89885	-4.44089e-15	         0	4.70059e-06	         0	4.70059e-06
     1.602	   4.96295	   4.96295	-4.44089e-15	         0	5.14761e-06	         0	5.14761e-06
     1.615	   5.02789	   5.02789	-9.76996e-15	         0	5.63307e-06	         0	5.63307e-06
     1.628	   5.09368	   5.09368	4.44089e-15	         0	6.15993e-06	         0	6.15993e-06
     1.641	   5.16033	   5.16033	-9.76996e-15	         0	6.73135e-06	         0	6.73135e-06
     1.654	   5.22785	   5.22785	-1.06581e-14	         0	7.35071e-06	         0	7.35071e-06
     1.667	   5.29626	   5.29626	7.10543e-15	         0	8.02162e-06	         0	8.02162e-06
      1.68	   5.36556	   5.36556	         0	         0	8.74792e-06	         0	8.74792e-06
     1.693	   5.43576	   5.43576	-9.76996e-15	         0	9.5337e-06	         0	9.5337e-06
     1.706	   5.50689	   5.50689	-2.66454e-15	         0	1.03833e-05	         0	1.03833e-05
     1.719	   5.57895	   5.57895	-8.88178e-15	         0	1.13015e-05	         0	1.13015e-05
     1.732	   5.65195	   5.65195	-9.76996e-15	         0	1.22931e-05	         0	1.22931e-05
     1.745	    5.7259	    5.7259	8.88178e-16	         0	1.33635e-05	         0	1.33635e-05
     1.758	   5.80082	   5.80082	-5.32907e-15	         0	1.45182e-05	         0	1.45182e-05
     1.771	   5.87673	   5.87673	3.55271e-15	         0	1.57632e-05	         0	1.57632e-05
     1.784	   5.95362	   5.95362	3.55271e-15	         0	1.71049e-05	         0	1.71049e-05
     1.797	   6.03153	   6.03153	-8.88178e-15	         0	 1.855e-05	         0	 1.855e-05
      1.81	   6.11045	   6.11045	7.10543e-15	         0	2.01056e-05	         0	2.01056e-05
     1.823	    6.1904	    6.1904	6.21725e-15	         0	2.17793e-05	         0	2.17793e-05
     1.836	    6.2714	    6.2714	-1.06581e-14	         0	2.35791e-05	         0	2.35791e-05
     1.849	   6.35346	   6.35346	-8.88178e-16	         0	2.55137e-05	         0	2.55137e-05
     1.862	    6.4366	    6.4366	7.10543e-15	         0	2.7592e-05	         0	2.7592e-05
     1.875	   6.52082	   6.52082	7.10543e-15	         0	2.98236e-05	         0	2.98236e-05
     1.888	   6.60614	   6.60614	-9.76996e-15	         0	3.22188e-05	         0	3.22188e-05
     1.901	   6.69258	   6.69258	         0	         0	3.47882e-05	         0	3.47882e-05
     1.914	   6.78016	   6.78016	-3.55271e-15	         0	3.75432e-05	         0	3.75432e-05
     1.927	   6.86887	   6.86887	6.21725e-15	         0	4.04959e-05	         0	4.04959e-05
      1.94	   6.95875	   6.95875	5.32907e-15	         0	4.3659e-05	         0	4.3659e-05
     1.953	   7.04981	   7.04981	5.32907e-15	         0	4.7046e-05	         0	4.7046e-05
     1.966	   7.14205	   7.14205	8.88178e-15	         0	5.06712e-05	         0	5.06712e-05
     1.979	    7.2355	    7.2355	-8.88178e-16	         0	5.45495e-05	         0	5.45495e-05
     1.992	   7.33018	   7.33018	-4.44089e-15	         0	5.86968e-05	         0	5.86968e-05
     2.005	   7.42609	   7.42609	-2.13163e-14	         0	6.31299e-05	         0	6.31299e-05
     2.018	   7.52326	   7.52326	-3.37508e-14	         0	6.78666e-05	         0	6.78666e-05
     2.031	    7.6217	    7.6217	2.30926e-14	         0	7.29254e-05	         0	7.29254e-05
     2.044	   7.72143	   7.72143	1.77636e-14	         0	7.83261e-05	         0	7.83261e-05
     2.057	   7.82247	   7.82247	-1.5099e-14	         0	8.40895e-05	         0	8.40895e-05
      2.07	   7.92482	   7.92482	-7.10543e-15	         0	9.02374e-05	         0	9.02374e-05
     2.083	   8.02852	   8.02852	3.19744e-14	         0	9.67929e-05	         0	9.67929e-05
     2.096	   8.13357	   8.13357	-1.06581e-14	         0	0.00010378	         0	0.00010378
     2.109	      8.24	      8.24	-1.77636e-14	         0	0.000111225	         0	0.000111225
     2.122	   8.34782	   8.34782	8.88178e-15	         0	0.000119155	         0	0.000119155
     2.135	   8.45705	   8.45705	1.59872e-14	         0	0.000127597	         0	0.000127597
     2.148	   8.56771	   8.56771	3.01981e-14	         0	0.000136581	         0	0.000136581
     2.161	   8.67981	   8.67981	-1.77636e-15	         0	0.00014614	         0	0.00014614
     2.174	   8.79339	   8.79339	-2.13163e-14	         0	0.000156305	         0	0.000156305
     2.187	   8.90845	   8.90845	2.30926e-14	         0	0.000167113	         0	0.000167113
       2.2	   9.02501	   9.02501	-8.88178e-15	         0	0.000178598	         0	0.000178598
     2.213	    9.1431	    9.1431	-8.88178e-15	         0	0.000190799	         0	0.000190799
     2.226	   9.26274	   9.26274	7.10543e-15	         0	0.000203757	         0	0.000203757
     2.239	   9.38394	   9.38394	3.19744e-14	         0	0.000217514	         0	0.000217514
     2.252	   9.50673	   9.50673	-3.37508e-14	         0	0.000232113	         0	0.000232113
     2.265	   9.63112	   9.63112	1.77636e-15	         0	0.000247602	         0	0.000247602
     2.278	   9.75715	   9.75715	-3.73035e-14	         0	0.000264029	         0	0.000264029
     2.291	   9.88482	   9.88482	3.01981e-14	         0	0.000281446	         0	0.000281446
     2.304	   10.0142	   10.0142	5.32907e-15	         0	0.000299906	         0	0.000299906
     2.317	   10.1452	   10.1452	3.37508e-14	         0	0.000319465	         0	0.000319465
      2.33	   10.2779	   10.2779	         0	         0	0.000340182	         0	0.000340182
     2.343	   10.4124	   10.4124	-1.59872e-14	         0	0.000362119	         0	0.000362119
     2.356	   10.5487	   10.5487	-2.13163e-14	         0	0.000385341	         0	0.000385341
     2.369	   10.6867	   10.6867	4.26326e-14	         0	0.000409915	         0	0.000409915
     2.382	   10.8265	   10.8265	-1.95399e-14	         0	0.000435913	         0	0.000435913
     2.395	   10.9682	   10.9682	1.95399e-14	         0	0.000463408	         0	0.000463408
     2.408	   11.1117	   11.1117	-3.01981e-14	         0	0.000492478	         0	0.000492478
     2.421	   11.2571	   11.2571	7.10543e-15	         0	0.000523205	         0	0.000523205
     2.434	   11.4044	   11.4044	3.19744e-14	         0	0.000555673	         0	0.000555673
     2.447	   11.5536	   11.5536	1.77636e-14	         0	0.000589972	         0	0.000589972
      2.46	   11.7048	   11.7048	1.77636e-14	         0	0.000626195	         0	0.000626195
     2.473	    11.858	    11.858	5.68434e-14	         0	0.000664438	         0	0.000664438
     2.486	   12.0131	   12.0131	-1.42109e-14	         0	0.000704804	         0	0.000704804
     2.499	   12.1703	   12.1703	-3.73035e-14	         0	0.000747398	         0	0.000747398
     2.512	   12.3296	   12.3296	-3.55271e-15	         0	0.000792331	         0	0.000792331
     2.525	   12.4909	   12.4909	2.13163e-14	         0	0.000839719	         0	0.000839719
     2.538	   12.6543	   12.6543	-1.59872e-14	         0	0.000889683	         0	0.000889683
     2.551	   12.8199	   12.8199	-4.08562e-14	         0	0.00094235	         0	0.00094235
     2.564	   12.9877	   12.9877	-5.15143e-14	         0	0.00099785	         0	0.00099785
     2.577	   13.1576	   13.1576	1.59872e-14	         0	0.00105632	         0	0.00105632
      2.59	   13.3298	   13.3298	2.13163e-14	         0	0.00111791	         0	0.00111791
     2.603	   13.5042	   13.5042	-2.13163e-14	         0	0.00118276	         0	0.00118276
     2.616	   13.6809	   13.6809	1.77636e-14	         0	0.00125103	         0	0.00125103
     2.629	   13.8599	   13.8599	-1.77636e-14	         0	0.00132289	         0	0.00132289
     2.642	   14.0413	   14.0413	4.08562e-14	         0	0.00139849	         0	0.00139849
     2.655	    14.225	    14.225	4.26326e-14	         0	0.00147803	         0	0.00147803
     2.668	   14.4111	   14.4111	5.32907e-15	         0	0.00156168	         0	0.00156168
     2.681	   14.5997	   14.5997	2.30926e-14	         0	0.00164964	         0	0.00164964
     2.694	   14.7907	   14.7907	3.01981e-14	         0	 0.0017421	         0	 0.0017421
     2.707	   14.9843	   14.9843	-4.08562e-14	         0	0.00183928	         0	0.00183928
      2.72	   15.1803	   15.1803	-4.08562e-14	         0	0.00194139	         0	0.00194139
     2.733	    15.379	    15.379	-2.84217e-14	         0	0.00204865	         0	0.00204865
     2.746	   15.5802	   15.5802	1.24345e-14	         0	 0.0021613	         0	 0.0021613
     2.759	   15.7841	   15.7841	1.95399e-14	         0	0.00227959	         0	0.00227959
     2.772	   15.9906	   15.9906	1.42109e-14	         0	0.00240378	         0	0.00240378
     2.785	   16.1998	   16.1998	-5.32907e-14	         0	0.00253411	         0	0.00253411
     2.798	   16.4118	   16.4118	4.26326e-14	         0	0.00267088	         0	0.00267088
     2.811	   16.6265	   16.6265	-3.55271e-14	         0	0.00281436	         0	0.00281436
     2.824	   16.8441	   16.8441	-4.26326e-14	         0	0.00296486	         0	0.00296486
     2.837	   17.0645	   17.0645	5.32907e-14	         0	0.00312269	         0	0.00312269
      2.85	   17.2878	   17.2878	-4.26326e-14	         0	0.00328816	         0	0.00328816
     2.863	    17.514	    17.514	3.55271e-15	         0	0.00346161	         0	0.00346161
     2.876	   17.7432	   17.7432	3.55271e-15	         0	0.00364338	         0	0.00364338
     2.889	   17.9753	   17.9753	-4.9738e-14	         0	0.00383385	         0	0.00383385
     2.902	   18.2105	   18.2105	3.19744e-14	         0	0.00403338	         0	0.00403338
     2.915	   18.4488	   18.4488	-2.84217e-14	         0	0.00424237	         0	0.00424237
     2.928	   18.6902	   18.6902	-3.19744e-14	         0	0.00446121	         0	0.00446121
     2.941	   18.9348	   18.9348	-1.77636e-14	         0	0.00469034	         0	0.00469034
     2.954	   19.1825	   19.1825	1.77636e-14	         0	0.00493018	         0	0.00493018
     2.967	   19.4335	   19.4335	-1.42109e-14	         0	0.00518118	         0	0.00518118
      2.98	   19.6878	   19.6878	-4.61853e-14	         0	0.00544383	         0	0.00544383
     2.993	   19.9454	   19.9454	1.77636e-14	         0	0.00571859	         0	0.00571859
     3.006	   20.2064	   20.2064	6.39488e-14	         0	0.00600599	         0	0.00600599
     3.019	   20.4708	   20.4708	-1.77636e-14	         0	0.00630655	         0	0.00630655
     3.032	   20.7387	   20.7387	-4.9738e-14	         0	 0.0066208	         0	 0.0066208
     3.045	     21.01	     21.01	1.06581e-14	         0	0.00694932	         0	0.00694932
     3.058	   21.2849	   21.2849	7.10543e-15	         0	0.00729268	         0	0.00729268
     3.071	   21.5635	   21.5635	1.06581e-14	         0	 0.0076515	         0	 0.0076515
     3.084	   21.8456	   21.8456	-3.55271e-15	         0	0.00802641	         0	0.00802641
     3.097	   22.1315	   22.1315	2.84217e-14	         0	0.00841805	         0	0.00841805
      3.11	    22.421	    22.421	-1.06581e-14	         0	0.00882711	         0	0.00882711
     3.123	   22.7144	   22.7144	-3.19744e-14	         0	0.00925427	         0	0.00925427
     3.136	   23.0116	   23.0116	2.4869e-14	         0	0.00970027	         0	0.00970027
     3.149	   23.3127	   23.3127	-6.03961e-14	         0	 0.0101659	         0	 0.0101659
     3.162	   23.6178	   23.6178	-7.10543e-15	         0	 0.0106518	         0	 0.0106518
     3.175	   23.9268	   23.9268	-2.84217e-14	         0	 0.0111589	         0	 0.0111589
     3.188	   24.2399	   24.2399	-6.39488e-14	         0	 0.0116881	         0	 0.0116881
     3.201	   24.5571	   24.5571	-4.9738e-14	         0	 0.0122401	         0	 0.0122401
     3.214	   24.8784	   24.8784	8.88178e-14	         0	 0.0128158	         0	 0.0128158
     3.227	   25.2039	   25.2039	3.19744e-14	         0	 0.0134163	         0	 0.0134163
      3.24	   25.5337	   25.5337	-7.4607e-14	         0	 0.0140424	         0	 0.0140424
     3.253	   25.8678	   25.8678	2.13163e-14	         0	 0.0146951	         0	 0.0146951
     3.266	   26.2063	   26.2063	4.61853e-14	         0	 0.0153755	         0	 0.0153755
     3.279	   26.5492	   26.5492	-3.90799e-14	         0	 0.0160847	         0	 0.0160847
     3.292	   26.8966	   26.8966	-1.42109e-14	         0	 0.0168236	         0	 0.0168236
     3.305	   27.2485	   27.2485	-8.17124e-14	         0	 0.0175935	         0	 0.0175935
     3.318	   27.6051	   27.6051	4.61853e-14	         0	 0.0183955	         0	 0.0183955
     3.331	   27.9663	   27.9663	-8.17124e-14	         0	 0.0192309	         0	 0.0192309
     3.344	   28.3322	   28.3322	2.13163e-14	         0	 0.0201009	         0	 0.0201009
     3.357	    28.703	    28.703	6.39488e-14	         0	 0.0210067	         0	 0.0210067
      3.37	   29.0785	   29.0785	-1.77636e-14	         0	 0.0219498	         0	 0.0219498
     3.383	    29.459	    29.459	-2.84217e-14	         0	 0.0229316	         0	 0.0229316
     3.396	   29.8445	   29.8445	-7.81597e-14	         0	 0.0239533	         0	 0.0239533
     3.409	    30.235	    30.235	5.32907e-14	         0	 0.0250167	         0	 0.0250167
     3.422	   30.6306	   30.6306	-6.39488e-14	         0	  0.026123	         0	  0.026123
     3.435	   31.0314	   31.0314	-2.13163e-14	         0	  0.027274	         0	  0.027274
     3.448	   31.4375	   31.4375	6.03961e-14	         0	 0.0284713	         0	 0.0284713
     3.461	   31.8488	   31.8488	-3.19744e-14	         0	 0.0297166	         0	 0.0297166
     3.474	   32.2655	   32.2655	3.55271e-14	         0	 0.0310115	         0	 0.0310115
     3.487	   32.6877	   32.6877	-7.10543e-14	         0	 0.0323579	         0	 0.0323579
       3.5	   33.1155	   33.1155	6.39488e-14	         0	 0.0337577	         0	 0.0337577
     3.513	   33.5488	   33.5488	-6.39488e-14	         0	 0.0352127	         0	 0.0352127
     3.526	   33.9877	   33.9877	2.13163e-14	         0	  0.036725	         0	  0.036725
     3.539	   34.4325	   34.4325	2.13163e-14	         0	 0.0382966	         0	 0.0382966
     3.552	    34.883	    34.883	6.39488e-14	         0	 0.0399295	         0	 0.0399295
     3.565	   35.3395	   35.3395	7.10543e-14	         0	  0.041626	         0	  0.041626
     3.578	   35.8019	   35.8019	-4.26326e-14	         0	 0.0433884	         0	 0.0433884
     3.591	   36.2703	   36.2703	-9.9476e-14	         0	 0.0452188	         0	 0.0452188
     3.604	   36.7449	   36.7449	-2.13163e-14	         0	 0.0471197	         0	 0.0471197
     3.617	   37.2257	   37.2257	-7.10543e-14	         0	 0.0490936	         0	 0.0490936
      3.63	   37.7128	   37.7128	2.84217e-14	         0	  0.051143	         0	  0.051143
     3.643	   38.2063	   38.2063	7.10543e-14	         0	 0.0532705	         0	 0.0532705
     3.656	   38.7062	   38.7062	1.42109e-14	         0	 0.0554788	         0	 0.0554788
     3.669	   39.2127	   39.2127	-1.42109e-14	         0	 0.0577707	         0	 0.0577707
     3.682	   39.7258	   39.7258	1.42109e-13	         0	 0.0601491	         0	 0.0601491
     3.695	   40.2456	   40.2456	5.68434e-14	         0	 0.0626169	         0	 0.0626169
     3.708	   40.7722	   40.7722	-5.68434e-14	         0	 0.0651772	         0	 0.0651772
     3.721	   41.3057	   41.3057	9.9476e-14	         0	 0.0678331	         0	 0.0678331
     3.734	   41.8462	   41.8462	-5.68434e-14	         0	 0.0705878	         0	 0.0705878
     3.747	   42.3937	   42.3937	1.06581e-13	         0	 0.0734448	         0	 0.0734448
      3.76	   42.9484	   42.9484	-1.20792e-13	         0	 0.0764074	         0	 0.0764074
     3.773	   43.5104	   43.5104	         0	         0	 0.0794792	         0	 0.0794792
     3.786	   44.0797	   44.0797	-1.49214e-13	         0	 0.0826638	         0	 0.0826638
     3.799	   44.6565	   44.6565	-1.63425e-13	         0	  0.085965	         0	  0.085965
     3.812	   45.2408	   45.2408	7.81597e-14	         0	 0.0893866	         0	 0.0893866
     3.825	   45.8328	   45.8328	-2.13163e-14	         0	 0.0929327	         0	 0.0929327
     3.838	   46.4325	   46.4325	-1.42109e-13	         0	 0.0966074	         0	 0.0966074
     3.851	   47.0401	   47.0401	-9.23706e-14	         0	  0.100415	         0	  0.100415
     3.864	   47.6556	   47.6556	-6.39488e-14	         0	  0.104359	         0	  0.104359
     3.877	   48.2792	   48.2792	1.42109e-13	         0	  0.108446	         0	  0.108446
      3.89	   48.9109	   48.9109	         0	         0	  0.112678	         0	  0.112678
     3.903	   49.5509	   49.5509	-9.23706e-14	         0	  0.117062	         0	  0.117062
     3.916	   50.1992	   50.1992	-1.77636e-13	         0	  0.121601	         0	  0.121601
     3.929	   50.8561	   50.8561	         0	         0	  0.126301	         0	  0.126301
     3.942	   51.5215	   51.5215	-1.91847e-13	         0	  0.131168	         0	  0.131168
     3.955	   52.1957	   52.1957	8.52651e-14	         0	  0.136205	         0	  0.136205
     3.968	   52.8787	   52.8787	-5.68434e-14	         0	   0.14142	         0	   0.14142
     3.981	   53.5706	   53.5706	7.10543e-15	         0	  0.146817	         0	  0.146817
     3.994	   54.2715	   54.2715	1.63425e-13	         0	  0.152403	         0	  0.152403
     4.007	   54.9817	   54.9817	-2.77112e-13	         0	  0.158183	         0	  0.158183
      4.02	   55.7011	   55.7011	6.39488e-14	         0	  0.164163	         0	  0.164163
     4.033	   56.4299	   56.4299	2.13163e-13	         0	   0.17035	         0	   0.17035
     4.046	   57.1683	   57.1683	8.52651e-14	         0	  0.176751	         0	  0.176751
     4.059	   57.9164	   57.9164	-1.13687e-13	         0	  0.183371	         0	  0.183371
     4.072	   58.6742	   58.6742	-2.27374e-13	         0	  0.190218	         0	  0.190218
     4.085	   59.4419	   59.4419	1.49214e-13	         0	  0.197299	         0	  0.197299
     4.098	   60.2197	   60.2197	-1.13687e-13	         0	  0.204622	         0	  0.204622
     4.111	   61.0077	   61.0077	4.40536e-13	         0	  0.212192	         0	  0.212192
     4.124	    61.806	    61.806	3.90799e-13	         0	   0.22002	         0	   0.22002
     4.137	   62.6147	   62.6147	2.34479e-13	         0	  0.228111	         0	  0.228111
      4.15	    63.434	    63.434	2.41585e-13	         0	  0.236474	         0	  0.236474
     4.163	    64.264	    64.264	-3.97904e-13	         0	  0.245119	         0	  0.245119
     4.176	   65.1049	   65.1049	-1.7053e-13	         0	  0.254052	         0	  0.254052
     4.189	   65.9568	   65.9568	-3.83693e-13	         0	  0.263283	         0	  0.263283
     4.202	   66.8198	   66.8198	3.41061e-13	         0	  0.272821	         0	  0.272821
     4.215	   67.6942	   67.6942	-1.42109e-13	         0	  0.282676	         0	  0.282676
     4.228	   68.5799	   68.5799	-5.68434e-14	         0	  0.292856	         0	  0.292856
     4.241	   69.4773	   69.4773	-5.68434e-14	         0	  0.303372	         0	  0.303372
     4.254	   70.3864	   70.3864	-9.9476e-14	         0	  0.314233	         0	  0.314233
     4.267	   71.3074	   71.3074	3.12639e-13	         0	  0.325451	         0	  0.325451
      4.28	   72.2404	   72.2404	3.69482e-13	         0	  0.337035	         0	  0.337035
     4.293	   73.1857	   73.1857	-3.97904e-13	         0	  0.348997	         0	  0.348997
     4.306	   74.1433	   74.1433	-4.54747e-13	         0	  0.361347	         0	  0.361347
     4.319	   75.1135	   75.1135	-9.9476e-14	         0	  0.374097	         0	  0.374097
     4.332	   76.0963	   76.0963	-5.40012e-13	         0	   0.38726	         0	   0.38726
     4.345	    77.092	    77.092	2.84217e-14	         0	  0.400846	         0	  0.400846
     4.358	   78.1008	   78.1008	-3.12639e-13	         0	  0.414869	         0	  0.414869
     4.371	   79.1227	   79.1227	-9.9476e-14	         0	  0.429342	         0	  0.429342
     4.384	    80.158	    80.158	1.42109e-14	         0	  0.444276	         0	  0.444276
     4.397	   81.2069	   81.2069	8.52651e-14	         0	  0.459687	         0	  0.459687
      4.41	   82.2695	   82.2695	-2.13163e-13	         0	  0.475587	         0	  0.475587
     4.423	   83.3459	   83.3459	-2.84217e-13	         0	  0.491991	         0	  0.491991
     4.436	   84.4365	   84.4365	-4.9738e-13	         0	  0.508913	         0	  0.508913
     4.449	   85.5414	   85.5414	1.7053e-13	         0	  0.526369	         0	  0.526369
     4.462	   86.6607	   86.6607	-2.27374e-13	         0	  0.544373	         0	  0.544373
     4.475	   87.7946	   87.7946	1.84741e-13	         0	  0.562941	         0	  0.562941
     4.488	   88.9434	   88.9434	5.68434e-14	         0	   0.58209	         0	   0.58209
     4.501	   90.1072	   90.1072	-4.9738e-13	         0	  0.601835	         0	  0.601835
     4.514	   91.2862	   91.2862	-3.69482e-13	         0	  0.622194	         0	  0.622194
     4.527	   92.4807	   92.4807	1.84741e-13	         0	  0.643185	         0	  0.643185
      4.54	   93.6908	   93.6908	-1.98952e-13	         0	  0.664824	         0	  0.664824
     4.553	   94.9167	   94.9167	6.53699e-13	         0	  0.687131	         0	  0.687131
     4.566	   96.1587	   96.1587	-1.42109e-13	         0	  0.710123	         0	  0.710123
     4.579	   97.4169	   97.4169	-7.95808e-13	         0	  0.733821	         0	  0.733821
     4.592	   98.6916	   98.6916	-3.12639e-13	         0	  0.758244	         0	  0.758244
     4.605	    99.983	    99.983	-2.41585e-13	         0	  0.783412	         0	  0.783412
     4.618	   101.291	   101.291	4.9738e-13	         0	  0.809346	         0	  0.809346
     4.631	   102.617	   102.617	1.13687e-13	         0	  0.836067	         0	  0.836067
     4.644	   103.959	   103.959	-3.83693e-13	         0	  0.863597	         0	  0.863597
     4.657	    105.32	    105.32	-6.53699e-13	         0	  0.891957	         0	  0.891957
      4.67	   106.698	   106.698	-4.83169e-13	         0	  0.921172	         0	  0.921172
     4.683	   108.094	   108.094	7.10543e-14	         0	  0.951265	         0	  0.951265
     4.696	   109.508	   109.508	-4.26326e-13	         0	  0.982259	         0	  0.982259
     4.709	   110.941	   110.941	-4.54747e-13	         0	   1.01418	         0	   1.01418
     4.722	   112.393	   112.393	2.84217e-13	         0	   1.04705	         0	   1.04705
     4.735	   113.863	   113.863	1.98952e-13	         0	    1.0809	         0	    1.0809
     4.748	   115.353	   115.353	8.95284e-13	         0	   1.11575	         0	   1.11575
     4.761	   116.863	   116.863	-6.25278e-13	         0	   1.15164	         0	   1.15164
     4.774	   118.392	   118.392	-1.13687e-13	         0	   1.18858	         0	   1.18858
     4.787	   119.941	   119.941	2.70006e-13	         0	   1.22661	         0	   1.22661
       4.8	    121.51	    121.51	1.42109e-13	         0	   1.26575	         0	   1.26575
     4.813	     123.1	     123.1	2.27374e-13	         0	   1.30605	         0	   1.30605
     4.826	   124.711	   124.711	-6.25278e-13	         0	   1.34751	         0	   1.34751
     4.839	   126.343	   126.343	-1.09424e-12	         0	   1.39019	         0	   1.39019
     4.852	   127.996	   127.996	6.53699e-13	         0	   1.43411	         0	   1.43411
     4.865	   129.671	   129.671	1.13687e-13	         0	    1.4793	         0	    1.4793
     4.878	   131.368	   131.368	1.42109e-12	         0	    1.5258	         0	    1.5258
     4.891	   133.087	   133.087	3.69482e-13	         0	   1.57364	         0	   1.57364
     4.904	   134.828	   134.828	-8.2423e-13	         0	   1.62285	         0	   1.62285
     4.917	   136.592	   136.592	-3.69482e-13	         0	   1.67348	         0	   1.67348
      4.93	    138.38	    138.38	-1.13687e-12	         0	   1.72556	         0	   1.72556
     4.943	    140.19	    140.19	3.97904e-13	         0	   1.77913	         0	   1.77913
     4.956	   142.025	   142.025	3.97904e-13	         0	   1.83422	         0	   1.83422
     4.969	   143.883	   143.883	2.55795e-13	         0	   1.89088	         0	   1.89088
     4.982	   145.766	   145.766	8.81073e-13	         0	   1.94915	         0	   1.94915
     4.995	   147.673	   147.673	         0	         0	   2.00907	         0	   2.00907
     5.008	   149.605	   149.605	3.69482e-13	         0	   2.07067	         0	   2.07067
     5.021	   151.563	   151.563	7.95808e-13	         0	   2.13402	         0	   2.13402
     5.034	   153.546	   153.546	-3.97904e-13	         0	   2.19914	         0	   2.19914
     5.047	   155.555	   155.555	-8.52651e-13	         0	   2.26608	         0	   2.26608
      5.06	   157.591	   157.591	-3.12639e-13	         0	    2.3349	         0	    2.3349
     5.073	   159.653	   159.653	-2.84217e-13	         0	   2.40564	         0	   2.40564
     5.086	   161.742	   161.742	3.69482e-13	         0	   2.47835	         0	   2.47835
     5.099	   163.858	   163.858	-9.9476e-13	         0	   2.55308	         0	   2.55308
     5.112	   166.002	   166.002	3.97904e-13	         0	   2.62987	         0	   2.62987
     5.125	   168.174	   168.174	7.10543e-13	         0	   2.70879	         0	   2.70879
     5.138	   170.375	   170.375	-5.68434e-13	         0	   2.78989	         0	   2.78989
     5.151	   172.604	   172.604	-1.16529e-12	         0	   2.87321	         0	   2.87321
     5.164	   174.863	   174.863	-1.42109e-13	         0	   2.95882	         0	   2.95882
     5.177	   177.151	   177.151	3.97904e-13	         0	   3.04678	         0	   3.04678
      5.19	   179.469	   179.469	-4.54747e-13	         0	   3.13714	         0	   3.13714
     5.203	   181.817	   181.817	1.7053e-12	         0	   3.22997	         0	   3.22997
     5.216	   184.196	   184.196	-9.66338e-13	         0	   3.32531	         0	   3.32531
     5.229	   186.606	   186.606	-1.0516e-12	         0	   3.42325	         0	   3.42325
     5.242	   189.048	   189.048	1.10845e-12	         0	   3.52384	         0	   3.52384
     5.255	   191.521	   191.521	-3.12639e-13	         0	   3.62714	         0	   3.62714
     5.268	   194.028	   194.028	-8.52651e-14	         0	   3.73323	         0	   3.73323
     5.281	   196.566	   196.566	-4.54747e-13	         0	   3.84217	         0	   3.84217
     5.294	   199.138	   199.138	-4.54747e-13	         0	   3.95403	         0	   3.95403
     5.307	   201.744	   201.744	1.10845e-12	         0	   4.06889	         0	   4.06889
      5.32	   204.384	   204.384	6.53699e-13	         0	   4.18682	         0	   4.18682
     5.333	   207.058	   207.058	-9.09495e-13	         0	   4.30789	         0	   4.30789
     5.346	   209.768	   209.768	-2.84217e-13	         0	   4.43218	         0	   4.43218
     5.359	   212.512	   212.512	-1.08002e-12	         0	   4.55977	         0	   4.55977
     5.372	   215.293	   215.293	8.81073e-13	         0	   4.69073	         0	   4.69073
     5.385	    218.11	    218.11	-1.19371e-12	         0	   4.82516	         0	   4.82516
     5.398	   220.964	   220.964	-2.27374e-13	         0	   4.96313	         0	   4.96313
     5.411	   223.855	   223.855	-6.82121e-13	         0	   5.10473	         0	   5.10473
     5.424	   226.784	   226.784	-9.09495e-13	         0	   5.25005	         0	   5.25005
     5.437	   229.752	   229.752	1.44951e-12	         0	   5.39917	         0	   5.39917
      5.45	   232.758	   232.758	1.3074e-12	         0	   5.55219	         0	   5.55219
     5.463	   235.804	   235.804	4.26326e-13	         0	    5.7092	         0	    5.7092
     5.476	   238.889	   238.889	-2.24532e-12	         0	    5.8703	         0	    5.8703
     5.489	   242.015	   242.015	6.25278e-13	         0	   6.03558	         0	   6.03558
     5.502	   245.182	   245.182	-2.84217e-13	         0	   6.20515	         0	   6.20515
     5.515	    248.39	    248.39	4.83169e-13	         0	    6.3791	         0	    6.3791
     5.528	    251.64	    251.64	1.42109e-13	         0	   6.55753	         0	   6.55753
     5.541	   254.933	   254.933	-6.82121e-13	         0	   6.74056	         0	   6.74056
     5.554	   258.269	   258.269	-5.11591e-13	         0	    6.9283	         0	    6.9283
     5.567	   261.648	   261.648	1.02318e-12	         0	   7.12085	         0	   7.12085
      5.58	   265.072	   265.072	6.82121e-13	         0	   7.31832	         0	   7.31832
     5.593	    268.54	    268.54	-1.7053e-12	         0	   7.52084	         0	   7.52084
     5.606	   272.054	   272.054	-1.42109e-12	         0	   7.72852	         0	   7.72852
     5.619	   275.614	   275.614	1.42109e-12	         0	   7.94148	         0	   7.94148
     5.632	    279.22	    279.22	-7.38964e-13	         0	   8.15984	         0	   8.15984
     5.645	   282.874	   282.874	1.3074e-12	         0	   8.38373	         0	   8.38373
     5.658	   286.575	   286.575	1.13687e-12	         0	   8.61328	         0	   8.61328
     5.671	   290.325	   290.325	1.53477e-12	         0	   8.84862	         0	   8.84862
     5.684	   294.124	   294.124	3.97904e-13	         0	   9.08989	         0	   9.08989
     5.697	   297.972	   297.972	-2.27374e-13	         0	   9.33721	         0	   9.33721
      5.71	   301.871	   301.871	5.68434e-13	         0	   9.59073	         0	   9.59073
     5.723	   305.821	   305.821	1.36424e-12	         0	    9.8506	         0	    9.8506
     5.736	   309.823	   309.823	-1.08002e-12	         0	    10.117	         0	    10.117
     5.749	   313.877	   313.877	1.47793e-12	         0	   10.3899	         0	   10.3899
     5.762	   317.984	   317.984	3.97904e-13	         0	   10.6697	         0	   10.6697
     5.775	   322.144	   322.144	1.25056e-12	         0	   10.9564	         0	   10.9564
     5.788	    326.36	    326.36	-1.25056e-12	         0	   11.2503	         0	   11.2503
     5.801	    330.63	    330.63	4.54747e-13	         0	   11.5513	         0	   11.5513
     5.814	   334.956	   334.956	1.3074e-12	         0	   11.8598	         0	   11.8598
     5.827	   339.339	   339.339	1.36424e-12	         0	   12.1759	         0	   12.1759
      5.84	   343.779	   343.779	1.13687e-13	         0	   12.4998	         0	   12.4998
     5.853	   348.278	   348.278	-9.09495e-13	         0	   12.8316	         0	   12.8316
     5.866	   352.835	   352.835	-5.68434e-13	         0	   13.1716	         0	   13.1716
     5.879	   357.452	   357.452	9.66338e-13	         0	   13.5198	         0	   13.5198
     5.892	   362.129	   362.129	1.13687e-13	         0	   13.8765	         0	   13.8765
     5.905	   366.867	   366.867	1.64846e-12	         0	   14.2419	         0	   14.2419
     5.918	   371.668	   371.668	5.11591e-13	         0	   14.6162	         0	   14.6162
     5.931	   376.531	   376.531	1.93268e-12	         0	   14.9995	         0	   14.9995
     5.944	   381.458	   381.458	3.97904e-13	         0	   15.3922	         0	   15.3922
     5.957	   386.449	   386.449	-2.84217e-13	         0	   15.7943	         0	   15.7943
      5.97	   391.506	   391.506	1.08002e-12	         0	   16.2061	         0	   16.2061
     5.983	   396.628	   396.628	-4.54747e-13	         0	   16.6278	         0	   16.6278
     5.996	   401.818	   401.818	-2.67164e-12	         0	   17.0596	         0	   17.0596
     6.009	   407.076	   407.076	2.84217e-13	         0	   17.5017	         0	   17.5017
     6.022	   412.403	   412.403	-7.95808e-13	         0	   17.9545	         0	   17.9545
     6.035	   417.799	   417.799	-2.89901e-12	         0	    18.418	         0	    18.418
     6.048	   423.266	   423.266	-6.25278e-13	         0	   18.8926	         0	   18.8926
     6.061	   428.804	   428.804	2.04636e-12	         0	   19.3785	         0	   19.3785
     6.074	   434.415	   434.415	1.76215e-12	         0	   19.8759	         0	   19.8759
     6.087	   440.099	   440.099	-1.3074e-12	         0	   20.3851	         0	   20.3851
       6.1	   445.858	   445.858	-2.89901e-12	         0	   20.9063	         0	   20.9063
     6.113	   451.692	   451.692	4.43379e-12	         0	   21.4398	         0	   21.4398
     6.126	   457.602	   457.602	-2.27374e-12	         0	   21.9859	         0	   21.9859
     6.139	    463.59	    463.59	-3.29692e-12	         0	   22.5448	         0	   22.5448
     6.152	   469.656	   469.656	-8.52651e-13	         0	   23.1169	         0	   23.1169
     6.165	   475.801	   475.801	1.08002e-12	         0	   23.7024	         0	   23.7024
     6.178	   482.027	   482.027	8.52651e-13	         0	   24.3015	         0	   24.3015
     6.191	   488.334	   488.334	-3.9222e-12	         0	   24.9147	         0	   24.9147
     6.204	   494.724	   494.724	-3.97904e-13	         0	   25.5421	         0	   25.5421
     6.217	   501.197	   501.197	2.38742e-12	         0	   26.1841	         0	   26.1841
      6.23	   507.755	   507.755	7.38964e-13	         0	    26.841	         0	    26.841
     6.243	   514.399	   514.399	-3.52429e-12	         0	   27.5132	         0	   27.5132
     6.256	    521.13	    521.13	-9.09495e-13	         0	   28.2008	         0	   28.2008
     6.269	   527.949	   527.949	1.13687e-13	         0	   28.9044	         0	   28.9044
     6.282	   534.857	   534.857	2.16005e-12	         0	   29.6242	         0	   29.6242
     6.295	   541.856	   541.856	-4.54747e-13	         0	   30.3605	         0	   30.3605
     6.308	   548.946	   548.946	1.36424e-12	         0	   31.1138	         0	   31.1138
     6.321	   556.129	   556.129	-1.02318e-12	         0	   31.8843	         0	   31.8843
     6.334	   563.406	   563.406	2.84217e-12	         0	   32.6725	         0	   32.6725
     6.347	   570.778	   570.778	6.82121e-13	         0	   33.4787	         0	   33.4787
      6.36	   578.246	   578.246	2.72848e-12	         0	   34.3032	         0	   34.3032
     6.373	   585.813	   585.813	-1.13687e-13	         0	   35.1465	         0	   35.1465
     6.386	   593.478	   593.478	2.04636e-12	         0	    36.009	         0	    36.009
     6.399	   601.243	   601.243	-3.41061e-13	         0	   36.8911	         0	   36.8911
     6.412	   609.111	   609.111	-2.72848e-12	         0	   37.7931	         0	   37.7931
     6.425	   617.081	   617.081	4.20641e-12	         0	   38.7155	         0	   38.7155
     6.438	   625.155	   625.155	-4.43379e-12	         0	   39.6587	         0	   39.6587
     6.451	   633.335	   633.335	-1.02318e-12	         0	   40.6232	         0	   40.6232
     6.464	   641.622	   641.622	3.41061e-13	         0	   41.6094	         0	   41.6094
     6.477	   650.018	   650.018	         0	         0	   42.6177	         0	   42.6177
      6.49	   658.523	   658.523	3.18323e-12	         0	   43.6486	         0	   43.6486
     6.503	    667.14	    667.14	9.09495e-13	         0	   44.7026	         0	   44.7026
     6.516	   675.869	   675.869	1.25056e-12	         0	   45.7801	         0	   45.7801
     6.529	   684.713	   684.713	3.41061e-12	         0	   46.8816	         0	   46.8816
     6.542	   693.673	   693.673	-3.06954e-12	         0	   48.0077	         0	   48.0077
     6.555	   702.749	   702.749	-1.59162e-12	         0	   49.1587	         0	   49.1587
     6.568	   711.945	   711.945	-5.91172e-12	         0	   50.3353	         0	   50.3353
     6.581	    721.26	    721.26	-1.93268e-12	         0	    51.538	         0	    51.538
     6.594	   730.698	   730.698	-7.95808e-13	         0	   52.7673	         0	   52.7673
     6.607	   740.259	   740.259	1.13687e-12	         0	   54.0237	         0	   54.0237
      6.62	   749.945	   749.945	-1.47793e-12	         0	   55.3078	         0	   55.3078
     6.633	   759.758	   759.758	2.84217e-12	         0	   56.6201	         0	   56.6201
     6.646	   769.699	   769.699	-3.29692e-12	         0	   57.9612	         0	   57.9612
     6.659	   779.771	   779.771	-1.93268e-12	         0	   59.3318	         0	   59.3318
     6.672	   789.974	   789.974	-3.75167e-12	         0	   60.7324	         0	   60.7324
     6.685	   800.311	   800.311	5.22959e-12	         0	   62.1635	         0	   62.1635
     6.698	   810.783	   810.783	5.22959e-12	         0	   63.6259	         0	   63.6259
     6.711	   821.392	   821.392	-1.93268e-12	         0	   65.1202	         0	   65.1202
     6.724	   832.139	   832.139	-2.6148e-12	         0	   66.6469	         0	   66.6469
     6.737	   843.028	   843.028	3.75167e-12	         0	   68.2068	         0	   68.2068
      6.75	   854.059	   854.059	-1.59162e-12	         0	   69.8005	         0	   69.8005
     6.763	   865.234	   865.234	1.02318e-12	         0	   71.4287	         0	   71.4287
     6.776	   876.555	   876.555	5.00222e-12	         0	    73.092	         0	    73.092
     6.789	   888.025	   888.025	4.3201e-12	         0	   74.7913	         0	   74.7913
     6.802	   899.645	   899.645	-1.59162e-12	         0	   76.5271	         0	   76.5271
     6.815	   911.417	   911.417	-4.54747e-13	         0	   78.3003	         0	   78.3003
     6.828	   923.342	   923.342	5.57066e-12	         0	   80.1115	         0	   80.1115
     6.841	   935.424	   935.424	2.6148e-12	         0	   81.9616	         0	   81.9616
     6.854	   947.664	   947.664	-3.06954e-12	         0	   83.8513	         0	   83.8513
     6.867	   960.064	   960.064	-3.52429e-12	         0	   85.7813	         0	   85.7813
      6.88	   972.626	   972.626	-4.54747e-12	         0	   87.7525	         0	   87.7525
     6.893	   985.353	   985.353	         0	         0	   89.7656	         0	   89.7656
     6.906	   998.246	   998.246	-5.91172e-12	         0	   91.8216	         0	   91.8216
     6.919	   1011.31	   1011.31	7.61702e-12	         0	   93.9213	         0	   93.9213
     6.932	   1024.54	   1024.54	-2.04636e-12	         0	   96.0654	         0	   96.0654
     6.945	   1037.95	   1037.95	3.41061e-12	         0	   98.2549	         0	   98.2549
     6.958	   1051.53	   1051.53	6.82121e-13	         0	   100.491	         0	   100.491
     6.971	   1065.29	   1065.29	-2.50111e-12	         0	   102.774	         0	   102.774
     6.984	   1079.23	   1079.23	-2.72848e-12	         0	   105.105	         0	   105.105
     6.997	   1093.35	   1093.35	5.22959e-12	         0	   107.485	         0	   107.485
      7.01	   1107.65	   1107.65	-3.18323e-12	         0	   109.915	         0	   109.915
     7.023	   1122.15	   1122.15	3.18323e-12	         0	   112.396	         0	   112.396
     7.036	   1136.83	   1136.83	9.09495e-13	         0	   114.929	         0	   114.929
     7.049	   1151.71	   1151.71	-6.36646e-12	         0	   117.515	         0	   117.515
     7.062	   1166.78	   1166.78	1.81899e-12	         0	   120.155	         0	   120.155
     7.075	   1182.04	   1182.04	-1.36424e-12	         0	    122.85	         0	    122.85
     7.088	   1197.51	   1197.51	-2.95586e-12	         0	   125.601	         0	   125.601
     7.101	   1213.18	   1213.18	4.54747e-12	         0	   128.409	         0	   128.409
     7.114	   1229.05	   1229.05	4.3201e-12	         0	   131.275	         0	   131.275
     7.127	   1245.14	   1245.14	-7.04858e-12	         0	   134.201	         0	   134.201
      7.14	   1261.43	   1261.43	-3.86535e-12	         0	   137.188	         0	   137.188
     7.153	   1277.93	   1277.93	-7.27596e-12	         0	   140.236	         0	   140.236
     7.166	   1294.66	   1294.66	-3.41061e-12	         0	   143.347	         0	   143.347
     7.179	    1311.6	    1311.6	8.41283e-12	         0	   146.522	         0	   146.522
     7.192	   1328.76	   1328.76	1.22782e-11	         0	   149.762	         0	   149.762
     7.205	   1346.14	   1346.14	4.54747e-13	         0	   153.069	         0	   153.069
     7.218	   1363.76	   1363.76	-5.68434e-12	         0	   156.443	         0	   156.443
     7.231	    1381.6	    1381.6	1.81899e-12	         0	   159.887	         0	   159.887
     7.244	   1399.68	   1399.68	4.54747e-12	         0	   163.401	         0	   163.401
     7.257	      1418	      1418	8.6402e-12	         0	   166.987	         0	   166.987
      7.27	   1436.55	   1436.55	-4.09273e-12	         0	   170.646	         0	   170.646
     7.283	   1455.35	   1455.35	-6.59384e-12	         0	   174.379	         0	   174.379
     7.296	   1474.39	   1474.39	2.27374e-12	         0	   178.188	         0	   178.188
     7.309	   1493.68	   1493.68	2.27374e-12	         0	   182.075	         0	   182.075
     7.322	   1513.23	   1513.23	6.82121e-13	         0	    186.04	         0	    186.04
     7.335	   1533.03	   1533.03	-1.00044e-11	         0	   190.085	         0	   190.085
     7.348	   1553.09	   1553.09	-9.32232e-12	         0	   194.213	         0	   194.213
     7.361	   1573.41	   1573.41	-2.27374e-13	         0	   198.423	         0	   198.423
     7.374	      1594	      1594	3.86535e-12	         0	   202.719	         0	   202.719
     7.387	   1614.85	   1614.85	-6.59384e-12	         0	     207.1	         0	     207.1
       7.4	   1635.98	   1635.98	-3.63798e-12	         0	    211.57	         0	    211.57
     7.413	   1657.39	   1657.39	7.27596e-12	         0	    216.13	         0	    216.13
     7.426	   1679.08	   1679.08	1.36424e-11	         0	   220.781	         0	   220.781
     7.439	   1701.05	   1701.05	-1.29603e-11	         0	   225.525	         0	   225.525
     7.452	   1723.31	   1723.31	-4.54747e-12	         0	   230.363	         0	   230.363
     7.465	   1745.86	   1745.86	1.29603e-11	         0	   235.299	         0	   235.299
     7.478	    1768.7	    1768.7	1.04592e-11	         0	   240.332	         0	   240.332
     7.491	   1791.84	   1791.84	9.09495e-13	         0	   245.466	         0	   245.466
     7.504	   1815.29	   1815.29	6.82121e-12	         0	   250.702	         0	   250.702
     7.517	   1839.04	   1839.04	5.68434e-12	         0	   256.041	         0	   256.041
      7.53	   1863.11	   1863.11	-1.81899e-12	         0	   261.486	         0	   261.486
     7.543	   1887.48	   1887.48	-5.68434e-12	         0	    267.04	         0	    267.04
     7.556	   1912.18	   1912.18	-1.5234e-11	         0	   272.702	         0	   272.702
     7.569	    1937.2	    1937.2	-1.81899e-12	         0	   278.477	         0	   278.477
     7.582	   1962.55	   1962.55	-1.36424e-12	         0	   284.365	         0	   284.365
     7.595	   1988.23	   1988.23	1.36424e-11	         0	   290.369	         0	   290.369
     7.608	   2014.25	   2014.25	-2.04636e-12	         0	   296.492	         0	   296.492
     7.621	    2040.6	    2040.6	-2.04636e-12	         0	   302.734	         0	   302.734
     7.634	    2067.3	    2067.3	         0	         0	   309.098	         0	   309.098
     7.647	   2094.35	   2094.35	6.82121e-12	         0	   315.588	         0	   315.588
      7.66	   2121.76	   2121.76	1.00044e-11	         0	   322.204	         0	   322.204
     7.673	   2149.52	   2149.52	2.09184e-11	         0	   328.949	         0	   328.949
     7.686	   2177.65	   2177.65	-3.18323e-12	         0	   335.825	         0	   335.825
     7.699	   2206.14	   2206.14	-4.54747e-13	         0	   342.836	         0	   342.836
     7.712	   2235.01	   2235.01	-9.54969e-12	         0	   349.983	         0	   349.983
     7.725	   2264.25	   2264.25	1.45519e-11	         0	   357.268	         0	   357.268
     7.738	   2293.88	   2293.88	1.81899e-11	         0	   364.695	         0	   364.695
     7.751	    2323.9	    2323.9	-4.54747e-12	         0	   372.265	         0	   372.265
     7.764	    2354.3	    2354.3	-5.00222e-12	         0	   379.982	         0	   379.982
     7.777	   2385.11	   2385.11	5.00222e-12	         0	   387.848	         0	   387.848
      7.79	   2416.32	   2416.32	-9.09495e-13	         0	   395.866	         0	   395.866
     7.803	   2447.93	   2447.93	2.27374e-12	         0	   404.038	         0	   404.038
     7.816	   2479.97	   2479.97	8.18545e-12	         0	   412.367	         0	   412.367
     7.829	   2512.42	   2512.42	2.27374e-12	         0	   420.857	         0	   420.857
     7.842	   2545.29	   2545.29	3.18323e-12	         0	   429.509	         0	   429.509
     7.855	    2578.6	    2578.6	8.6402e-12	         0	   438.327	         0	   438.327
     7.868	   2612.34	   2612.34	-7.7307e-12	         0	   447.314	         0	   447.314
     7.881	   2646.52	   2646.52	1.36424e-12	         0	   456.472	         0	   456.472
     7.894	   2681.15	   2681.15	-1.68257e-11	         0	   465.806	         0	   465.806
     7.907	   2716.23	   2716.23	2.00089e-11	         0	   475.317	         0	   475.317
      7.92	   2751.77	   2751.77	5.91172e-12	         0	   485.009	         0	   485.009
     7.933	   2787.78	   2787.78	-1.63709e-11	         0	   494.886	         0	   494.886
     7.946	   2824.26	   2824.26	         0	         0	    504.95	         0	    504.95
     7.959	   2861.21	   2861.21	-1.86446e-11	         0	   515.205	         0	   515.205
     7.972	   2898.65	   2898.65	1.00044e-11	         0	   525.654	         0	   525.654
     7.985	   2936.58	   2936.58	1.81899e-12	         0	   536.301	         0	   536.301
     7.998	      2975	      2975	1.68257e-11	         0	    547.15	         0	    547.15
     8.011	   3013.93	   3013.93	-1.68257e-11	         0	   558.203	         0	   558.203
     8.024	   3053.37	   3053.37	-3.18323e-11	         0	   569.464	         0	   569.464
     8.037	   3093.32	   3093.32	1.63709e-11	         0	   580.937	         0	   580.937
      8.05	   3133.79	   3133.79	2.54659e-11	         0	   592.626	         0	   592.626
     8.063	    3174.8	    3174.8	8.6402e-12	         0	   604.534	         0	   604.534
     8.076	   3216.34	   3216.34	-7.54881e-11	         0	   616.666	         0	   616.666
     8.089	   3258.43	   3258.43	1.68257e-11	         0	   629.025	         0	   629.025
     8.102	   3301.06	   3301.06	2.72848e-11	         0	   641.616	         0	   641.616
     8.115	   3344.26	   3344.26	6.36646e-12	         0	   654.441	         0	   654.441
     8.128	   3388.02	   3388.02	-2.41016e-11	         0	   667.506	         0	   667.506
     8.141	   3432.35	   3432.35	-4.3201e-11	         0	   680.814	         0	   680.814
     8.154	   3477.26	   3477.26	-1.77351e-11	         0	    694.37	         0	    694.37
     8.167	   3522.76	   3522.76	-4.1382e-11	         0	   708.179	         0	   708.179
      8.18	   3568.85	   3568.85	3.45608e-11	         0	   722.243	         0	   722.243
     8.193	   3615.55	   3615.55	5.77529e-11	         0	   736.569	         0	   736.569
     8.206	   3662.86	   3662.86	2.27374e-12	         0	    751.16	         0	    751.16
     8.219	   3710.79	   3710.79	3.9563e-11	         0	   766.021	         0	   766.021
     8.232	   3759.34	   3759.34	2.91038e-11	         0	   781.157	         0	   781.157
     8.245	   3808.54	   3808.54	-5.45697e-12	         0	   796.572	         0	   796.572
     8.258	   3858.37	   3858.37	-2.27374e-12	         0	   812.271	         0	   812.271
     8.271	   3908.86	   3908.86	-5.45697e-11	         0	    828.26	         0	    828.26
     8.284	      3960	      3960	6.32099e-11	         0	   844.542	         0	   844.542
     8.297	   4011.82	   4011.82	-5.32054e-11	         0	   861.124	         0	   861.124
      8.31	   4064.31	   4064.31	-1.54614e-11	         0	    878.01	         0	    878.01
     8.323	   4117.49	   4117.49	-4.09273e-11	         0	   895.206	         0	   895.206
     8.336	   4171.37	   4171.37	-1.54614e-11	         0	   912.716	         0	   912.716
     8.349	   4225.95	   4225.95	2.72848e-11	         0	   930.547	         0	   930.547
     8.362	   4281.25	   4281.25	-3.72893e-11	         0	   948.704	         0	   948.704
     8.375	   4337.27	   4337.27	-6.45741e-11	         0	   967.191	         0	   967.191
     8.388	   4394.02	   4394.02	-1.18234e-11	         0	   986.016	         0	   986.016
     8.401	   4451.52	   4451.52	-2.63753e-11	         0	   1005.18	         0	   1005.18
     8.414	   4509.76	   4509.76	-1.81899e-11	         0	    1024.7	         0	    1024.7
     8.427	   4568.77	   4568.77	6.18456e-11	         0	   1044.57	         0	   1044.57
      8.44	   4628.55	   4628.55	-7.63976e-11	         0	    1064.8	         0	    1064.8
     8.453	   4689.12	   4689.12	-4.91127e-11	         0	    1085.4	         0	    1085.4
     8.466	   4750.48	   4750.48	6.36646e-11	         0	   1106.37	         0	   1106.37
     8.479	   4812.63	   4812.63	-2.27374e-11	         0	   1127.72	         0	   1127.72
     8.492	   4875.61	   4875.61	-4.09273e-11	         0	   1149.45	         0	   1149.45
     8.505	    4939.4	    4939.4	-3.63798e-12	         0	   1171.58	         0	   1171.58
     8.518	   5004.04	   5004.04	3.63798e-12	         0	    1194.1	         0	    1194.1
     8.531	   5069.51	   5069.51	2.81943e-11	         0	   1217.03	         0	   1217.03
     8.544	   5135.85	   5135.85	-8.73115e-11	         0	   1240.38	         0	   1240.38
     8.557	   5203.05	   5203.05	2.00089e-11	         0	   1264.14	         0	   1264.14
      8.57	   5271.13	   5271.13	1.63709e-11	         0	   1288.33	         0	   1288.33
     8.583	    5340.1	    5340.1	-6.45741e-11	         0	   1312.95	         0	   1312.95
     8.596	   5409.98	   5409.98	6.45741e-11	         0	   1338.01	         0	   1338.01
     8.609	   5480.77	   5480.77	-5.09317e-11	         0	   1363.52	         0	   1363.52
     8.622	   5552.48	   5552.48	-9.09495e-12	         0	   1389.49	         0	   1389.49
     8.635	   5625.13	   5625.13	-6.91216e-11	         0	   1415.92	         0	   1415.92
     8.648	   5698.74	   5698.74	-6.45741e-11	         0	   1442.82	         0	   1442.82
     8.661	   5773.31	   5773.31	1.36424e-11	         0	    1470.2	         0	    1470.2
     8.674	   5848.85	   5848.85	8.54925e-11	         0	   1498.07	         0	   1498.07
     8.687	   5925.38	   5925.38	4.63842e-11	         0	   1526.43	         0	   1526.43
       8.7	   6002.91	   6002.91	-1.90994e-11	         0	   1555.29	         0	   1555.29
     8.713	   6081.46	   6081.46	-3.36513e-11	         0	   1584.67	         0	   1584.67
     8.726	   6161.03	   6161.03	3.09228e-11	         0	   1614.56	         0	   1614.56
     8.739	   6241.65	   6241.65	-8.0945e-11	         0	   1644.99	         0	   1644.99
     8.752	   6323.32	   6323.32	2.63753e-11	         0	   1675.95	         0	   1675.95
     8.765	   6406.06	   6406.06	1.21872e-10	         0	   1707.46	         0	   1707.46
     8.778	   6489.88	   6489.88	1.00044e-11	         0	   1739.52	         0	   1739.52
     8.791	    6574.8	    6574.8	-7.82165e-11	         0	   1772.15	         0	   1772.15
     8.804	   6660.83	   6660.83	-2.72848e-11	         0	   1805.35	         0	   1805.35
     8.817	   6747.99	   6747.99	-3.27418e-11	         0	   1839.13	         0	   1839.13
      8.83	   6836.29	   6836.29	5.45697e-12	         0	   1873.51	         0	   1873.51
     8.843	   6925.74	   6925.74	4.63842e-11	         0	   1908.49	         0	   1908.49
     8.856	   7016.36	   7016.36	1.00044e-11	         0	   1944.09	         0	   1944.09
     8.869	   7108.17	   7108.17	-2.72848e-12	         0	   1980.31	         0	   1980.31
     8.882	   7201.18	   7201.18	6.36646e-12	         0	   2017.15	         0	   2017.15
     8.895	   7295.41	   7295.41	-4.91127e-11	         0	   2054.65	         0	   2054.65
     8.908	   7390.86	   7390.86	1.04592e-10	         0	    2092.8	         0	    2092.8
     8.921	   7487.57	   7487.57	1.32786e-10	         0	   2131.61	         0	   2131.61
     8.934	   7585.55	   7585.55	8.0945e-11	         0	    2171.1	         0	    2171.1
     8.947	    7684.8	    7684.8	-1.90994e-11	         0	   2211.27	         0	   2211.27
      8.96	   7785.36	   7785.36	-3.00133e-11	         0	   2252.14	         0	   2252.14
     8.973	   7887.23	   7887.23	4.91127e-11	         0	   2293.72	         0	   2293.72
     8.986	   7990.43	   7990.43	1.01863e-10	         0	   2336.03	         0	   2336.03
     8.999	   8094.98	   8094.98	7.18501e-11	         0	   2379.06	         0	   2379.06
     9.012	   8200.91	   8200.91	5.09317e-11	         0	   2422.84	         0	   2422.84
     9.025	   8308.21	   8308.21	8.18545e-11	         0	   2467.38	         0	   2467.38
     9.038	   8416.93	   8416.93	-4.00178e-11	         0	   2512.68	         0	   2512.68
     9.051	   8527.06	   8527.06	-4.36557e-11	         0	   2558.77	         0	   2558.77
     9.064	   8638.64	   8638.64	-9.09495e-12	         0	   2605.65	         0	   2605.65
     9.077	   8751.67	   8751.67	-8.00355e-11	         0	   2653.34	         0	   2653.34
      9.09	   8866.19	   8866.19	2.72848e-11	         0	   2701.84	         0	   2701.84
     9.103	    8982.2	    8982.2	-1.0732e-10	         0	   2751.18	         0	   2751.18
     9.116	   9099.73	   9099.73	3.63798e-12	         0	   2801.37	         0	   2801.37
     9.129	    9218.8	    9218.8	8.54925e-11	         0	   2852.42	         0	   2852.42
     9.142	   9339.43	   9339.43	1.27329e-11	         0	   2904.34	         0	   2904.34
     9.155	   9461.63	   9461.63	-4.54747e-11	         0	   2957.15	         0	   2957.15
     9.168	   9585.43	   9585.43	7.82165e-11	         0	   3010.87	         0	   3010.87
     9.181	   9710.86	   9710.86	-4.18368e-11	         0	    3065.5	         0	    3065.5
     9.194	   9837.92	   9837.92	2.36469e-11	         0	   3121.06	         0	   3121.06
     9.207	   9966.65	   9966.65	-2.18279e-11	         0	   3177.57	         0	   3177.57
      9.22	   10097.1	   10097.1	-6.73026e-11	         0	   3235.05	         0	   3235.05
     9.233	   10229.2	   10229.2	-1.41881e-10	         0	    3293.5	         0	    3293.5
     9.246	     10363	     10363	4.72937e-11	         0	   3352.94	         0	   3352.94
     9.259	   10498.6	   10498.6	-2.36469e-11	         0	   3413.39	         0	   3413.39
     9.272	     10636	     10636	1.01863e-10	         0	   3474.87	         0	   3474.87
     9.285	   10775.2	   10775.2	4.00178e-11	         0	   3537.39	         0	   3537.39
     9.298	   10916.2	   10916.2	1.09139e-11	         0	   3600.97	         0	   3600.97
     9.311	     11059	     11059	-1.63709e-10	         0	   3665.62	         0	   3665.62
     9.324	   11203.7	   11203.7	6.18456e-11	         0	   3731.37	         0	   3731.37
     9.337	   11350.3	   11350.3	-2.91038e-11	         0	   3798.23	         0	   3798.23
      9.35	   11498.8	   11498.8	-1.81899e-11	         0	   3866.21	         0	   3866.21
     9.363	   11649.3	   11649.3	4.72937e-11	         0	   3935.34	         0	   3935.34
     9.376	   11801.7	   11801.7	-4.54747e-11	         0	   4005.64	         0	   4005.64
     9.389	   11956.1	   11956.1	-4.00178e-11	         0	   4077.11	         0	   4077.11
     9.402	   12112.6	   12112.6	-1.81899e-12	         0	   4149.79	         0	   4149.79
     9.415	   12271.1	   12271.1	-1.27329e-11	         0	   4223.69	         0	   4223.69
     9.428	   12431.6	   12431.6	-8.73115e-11	         0	   4298.82	         0	   4298.82
     9.441	   12594.3	   12594.3	2.12822e-10	         0	   4375.22	         0	   4375.22
     9.454	   12759.1	   12759.1	9.09495e-12	         0	   4452.89	         0	   4452.89
     9.467	   12926.1	   12926.1	4.72937e-11	         0	   4531.87	         0	   4531.87
      9.48	   13095.2	   13095.2	-2.54659e-11	         0	   4612.16	         0	   4612.16
     9.493	   13266.5	   13266.5	1.74623e-10	         0	    4693.8	         0	    4693.8
     9.506	   13440.1	   13440.1	-3.63798e-12	         0	   4776.79	         0	   4776.79
     9.519	     13616	     13616	1.78261e-10	         0	   4861.17	         0	   4861.17
     9.532	   13794.2	   13794.2	-1.58252e-10	         0	   4946.95	         0	   4946.95
     9.545	   13974.6	   13974.6	4.36557e-11	         0	   5034.16	         0	   5034.16
     9.558	   14157.5	   14157.5	-1.27329e-11	         0	   5122.82	         0	   5122.82
     9.571	   14342.8	   14342.8	7.63976e-11	         0	   5212.96	         0	   5212.96
     9.584	   14530.4	   14530.4	-1.45519e-11	         0	   5304.58	         0	   5304.58
     9.597	   14720.6	   14720.6	-1.27329e-10	         0	   5397.73	         0	   5397.73
      9.61	   14913.2	   14913.2	-1.58252e-10	         0	   5492.42	         0	   5492.42
     9.623	   15108.3	   15108.3	-1.32786e-10	         0	   5588.67	         0	   5588.67
     9.636	     15306	     15306	-1.10958e-10	         0	   5686.52	         0	   5686.52
     9.649	   15506.3	   15506.3	3.45608e-11	         0	   5785.98	         0	   5785.98
     9.662	   15709.2	   15709.2	-1.05501e-10	         0	   5887.09	         0	   5887.09
     9.675	   15914.7	   15914.7	1.27329e-10	         0	   5989.86	         0	   5989.86
     9.688	     16123	     16123	-8.00355e-11	         0	   6094.32	         0	   6094.32
     9.701	   16333.9	   16333.9	1.47338e-10	         0	   6200.51	         0	   6200.51
     9.714	   16547.7	   16547.7	-1.12777e-10	         0	   6308.43	         0	   6308.43
     9.727	   16764.2	   16764.2	-4.72937e-11	         0	   6418.14	         0	   6418.14
      9.74	   16983.5	   16983.5	-1.45519e-11	         0	   6529.64	         0	   6529.64
     9.753	   17205.8	   17205.8	2.51021e-10	         0	   6642.97	         0	   6642.97
     9.766	   17430.9	   17430.9	-1.16415e-10	         0	   6758.16	         0	   6758.16
     9.779	     17659	     17659	-1.45519e-11	         0	   6875.24	         0	   6875.24
     9.792	   17890.1	   17890.1	-1.70985e-10	         0	   6994.23	         0	   6994.23
     9.805	   18124.1	   18124.1	-1.78261e-10	         0	   7115.16	         0	   7115.16
     9.818	   18361.3	   18361.3	-2.54659e-11	         0	   7238.07	         0	   7238.07
     9.831	   18601.5	   18601.5	4.00178e-11	         0	   7362.99	         0	   7362.99
     9.844	   18844.9	   18844.9	-2.29193e-10	         0	   7489.94	         0	   7489.94
     9.857	   19091.5	   19091.5	5.09317e-11	         0	   7618.96	         0	   7618.96
      9.87	   19341.3	   19341.3	-5.09317e-11	         0	   7750.09	         0	   7750.09
     9.883	   19594.4	   19594.4	-5.09317e-11	         0	   7883.34	         0	   7883.34
     9.896	   19850.8	   19850.8	2.58296e-10	         0	   8018.76	         0	   8018.76
     9.909	   20110.6	   20110.6	-1.16415e-10	         0	   8156.37	         0	   8156.37
     9.922	   20373.7	   20373.7	8.36735e-11	         0	   8296.22	         0	   8296.22
     9.935	   20640.3	   20640.3	-1.52795e-10	         0	   8438.34	         0	   8438.34
     9.948	   20910.4	   20910.4	-9.82254e-11	         0	   8582.76	         0	   8582.76
     9.961	     21184	     21184	9.82254e-11	         0	   8729.51	         0	   8729.51
     9.974	   21461.2	   21461.2	-6.54836e-11	         0	   8878.64	         0	   8878.64
     9.987	     21742	     21742	-1.34605e-10	         0	   9030.18	         0	   9030.18
